1 TAA 0.857644963516 1.16070732983
1 TAA 1.20998580281 1.26152383948
1 TAA 1.24049438339 1.26215334379
1 TAG 0.442011594898 0.421612312538
1 TAG 0.473070235406 0.452796709519
1 TAG 0.501784562492 0.486553972692
1 TGA 0.554102501883 0.578533810276
1 TGA 0.58208300225 0.640179960132
1 TGA 0.613902226863 0.648349606978
2 TAA 0.748063243988 1.19312965238
2 TAA 1.0432071207 1.25455339849
2 TAA 1.14818548773 1.28050955926
2 TAG 1.20470043547 1.53578031454
2 TAG 1.36473580601 1.57329681355
2 TAG 1.38379202619 1.65348430036
2 TGA 0.856275384663 1.20339263445
2 TGA 0.929475131403 1.37196184491
2 TGA 1.1575353755 1.46252955862
3 TAA 1.2125961823 1.82098366514
3 TAA 1.69998262981 1.92669353464
3 TAA 1.84688255623 1.94076404836
3 TAG 1.04023809983 1.34552645555
3 TAG 1.3282552079 1.41796083733
3 TAG 1.34694769428 1.48399070208
3 TGA 1.45562119556 1.69305390296
3 TGA 1.65871502848 1.87549993502
3 TGA 1.82371292776 1.88858857601
4 TAA 1.16092962477 1.66694012139
4 TAA 1.80686309279 1.72888808233
4 TAA 1.81707768143 1.87358665541
4 TAG 0.33406255332 0.434759091401
4 TAG 0.44539784996 0.462497905817
4 TAG 0.451282305019 0.466601967648
4 TGA 0.293787040984 0.484752007396
4 TGA 0.408729701375 0.500300333383
4 TGA 0.454662114896 0.560502731074
5 TAA 0.779470804218 1.10030944175
5 TAA 1.0027492661 1.12765129853
5 TAA 1.04199733982 1.22608831539
5 TAG 1.34912038172 1.51946601213
5 TAG 1.50769510163 1.53440162286
5 TAG 1.51370077209 1.57604789934
5 TGA 0.743773197636 0.787419428495
5 TGA 0.786317074197 0.821156014656
5 TGA 0.862684760214 0.877375971794
6 TAA 0.853065765291 1.2046830278
6 TAA 1.24026733734 1.33727239683
6 TAA 1.3034195621 1.34943770091
6 TAG 1.08391227625 1.45250186063
6 TAG 1.34940377353 1.56945571361
6 TAG 1.35549337121 1.6128940952
6 TGA 0.911647540307 1.28518143741
6 TGA 1.25367145416 1.36748442278
6 TGA 1.27932888564 1.43312879625
7 TAA 0.539950264816 0.894075564987
7 TAA 0.834659357976 1.06978580587
7 TAA 0.83500023443 1.08140741196
7 TAG 0.571506524628 0.77010558319
7 TAG 0.816473093335 0.788588939404
7 TAG 0.842248983096 0.797415096207
7 TGA 0.819937621204 1.12903992874
7 TGA 1.12084385382 1.16938444283
7 TGA 1.19564512456 1.21307681359
8 TAA 0.712140027518 1.1662195506
8 TAA 1.10285465499 1.22973936057
8 TAA 1.14043618447 1.25977454102
8 TAG 0.970533799895 1.34595215795
8 TAG 1.29558295584 1.40175084796
8 TAG 1.39829956296 1.48374844053
8 TGA 0.546759759801 0.691797688507
8 TGA 0.716426524359 0.719104551215
8 TGA 0.71962671164 0.772115590328
9 TAA 0.441773149896 0.580808963099
9 TAA 0.630519502459 0.603770025088
9 TAA 0.641256582365 0.618725279079
9 TAG 0.341116048796 0.469705457901
9 TAG 0.46215059169 0.477841448385
9 TAG 0.468951479369 0.54667782649
9 TGA 0.676853720625 0.958803474536
9 TGA 0.959506088804 0.997249403254
9 TGA 0.974132514105 1.01340139413
10 TAA 0.74799105796 0.963349832223
10 TAA 0.912473536611 0.989179779668
10 TAA 0.937287911147 0.991343058172
10 TAG 1.06329177386 1.3559009803
10 TAG 1.29462462484 1.36565966906
10 TAG 1.34827631466 1.4912604009
10 TGA 1.50164575153 1.98041334093
10 TGA 1.84255580939 2.03293991621
10 TGA 1.97185439235 2.17002389654
11 TAA 0.127338144579 0.201454925877
11 TAA 0.208260535261 0.201613821084
11 TAA 0.247286500973 0.216530950209
11 TAG 0.561850392562 0.798539303233
11 TAG 0.792756311539 0.813121681362
11 TAG 0.832875389551 0.863666649887
11 TGA 1.4412511027 1.94525155191
11 TGA 1.76629154329 2.13169839471
11 TGA 1.91759883422 2.17983296448
12 TAA 0.593088750344 0.89388400022
12 TAA 0.84558333457 0.941706550648
12 TAA 0.977952521541 0.973133161764
12 TAG 0.417196482816 0.543627923013
12 TAG 0.528739666792 0.564708551222
12 TAG 0.542249046768 0.576810060415
12 TGA 0.739165695206 0.978632413775
12 TGA 0.961808673623 0.981291107401
12 TGA 0.982769618737 1.10682009331
13 TAA 0.399017519231 0.614465062451
13 TAA 0.646497523207 0.639452692691
13 TAA 0.653513014813 0.675346921667
13 TAG 0.499290188359 0.652335527449
13 TAG 0.611412889448 0.727720610911
13 TAG 0.617063690981 0.751999270792
13 TGA 0.934493931289 1.30206468591
13 TGA 1.24675922811 1.36323105326
13 TGA 1.36933432718 1.47957385924
14 TAA 0.142967667261 0.200637083806
14 TAA 0.205855947439 0.221077939745
14 TAA 0.241297050467 0.231613034448
14 TAG 0.665155095018 0.866627580591
14 TAG 0.93775139899 0.957304597204
14 TAG 0.980631542059 1.03644289981
14 TGA 0.306531360622 0.449326423688
14 TGA 0.446604136747 0.466188406993
14 TGA 0.456372732491 0.478538879877
15 TAA 0.629332489059 0.779502374198
15 TAA 0.831378108491 0.796958471989
15 TAA 0.859417788688 0.870376436626
15 TAG 1.14869824788 1.55154071678
15 TAG 1.53139331663 1.607219048
15 TAG 1.5677296142 1.63087098145
15 TGA 0.98405023836 1.35857979247
15 TGA 1.23744834873 1.36979694347
15 TGA 1.24094103718 1.46917631329
16 TAA 0.475819897892 0.64334134782
16 TAA 0.625401134327 0.69466428182
16 TAA 0.667272553414 0.782744330245
16 TAG 0.566534273924 0.761403455748
16 TAG 0.85853552624 0.852409129414
16 TAG 0.864863302991 0.853756743762
16 TGA 0.999302075877 1.45572071867
16 TGA 1.48583926324 1.52491440693
16 TGA 1.51870039681 1.63826830408
17 TAA 0.382409143864 0.422347995238
17 TAA 0.491327844318 0.437281363023
17 TAA 0.533383874176 0.519564489577
17 TAG 1.30043536561 1.47003032512
17 TAG 1.45981156466 1.58395957451
17 TAG 1.5581359973 1.59520477317
17 TGA 1.31569827907 1.67913690866
17 TGA 1.67278678992 1.82756978996
17 TGA 1.71941420338 1.93223217972
18 TAA 0.756525088669 1.04495143915
18 TAA 0.892980155891 1.05230631153
18 TAA 0.960879861553 1.06262158876
18 TAG 0.809117281572 0.952918496465
18 TAG 0.9615661967 0.96868495757
18 TAG 0.975482671459 1.05886944524
18 TGA 0.732184643766 0.839797029191
18 TGA 0.782161011375 0.896019009801
18 TGA 0.786667665395 0.935911181208
19 TAA 0.919084269378 1.14762073636
19 TAA 1.1863260487 1.18863430932
19 TAA 1.21801113385 1.22933201218
19 TAG 0.744424405183 0.846028777659
19 TAG 0.76811809739 0.888704021659
19 TAG 0.816298742174 0.915476880428
19 TGA 0.55241813608 0.628820902076
19 TGA 0.570492979105 0.65743595616
19 TGA 0.615555387257 0.713595037104
20 TAA 0.998504126395 1.44305617145
20 TAA 1.19545087095 1.47392775398
20 TAA 1.3728612946 1.54306066839
20 TAG 1.3933320147 1.9339035154
20 TAG 1.71609345735 1.95336705096
20 TAG 1.83051294831 2.00523105351
20 TGA 0.816225148609 1.06845476483
20 TGA 1.04446049655 1.30469219837
20 TGA 1.10808267665 1.36479772813
21 TAA 0.993001991511 1.16938621337
21 TAA 1.22047562524 1.29054646889
21 TAA 1.34882048726 1.33359441525
21 TAG 0.760494889296 0.960527914575
21 TAG 0.916179567332 1.01547061617
21 TAG 0.936937818914 1.04059040012
21 TGA 0.582886507671 0.697004120071
21 TGA 0.591216954267 0.701046585695
21 TGA 0.598868261991 0.738600513523
22 TAA 1.47316499601 2.13750584863
22 TAA 1.82659221786 2.30473008709
22 TAA 1.84237982748 2.4622422923
22 TAG 0.684016509979 0.924525149692
22 TAG 0.7707798364 0.954235945037
22 TAG 0.85840769189 1.00464176717
22 TGA 0.716207322647 0.997395190713
22 TGA 0.805767122279 1.02360084426
22 TGA 0.821589160568 1.14064645219
23 TAA 0.635100014465 0.90707863158
23 TAA 0.72508315495 0.959877541558
23 TAA 0.733797606294 1.04193019951
23 TAG 0.891419974653 1.34249498746
23 TAG 0.994925935124 1.41777797064
23 TAG 1.155665603 1.45309151798
23 TGA 0.395446512957 0.728544739485
23 TGA 0.508482989629 0.762812325822
23 TGA 0.544605330588 0.783091018406
24 TAA 0.796233851426 1.66021187246
24 TAA 0.841963621289 1.69958618596
24 TAA 0.913514780404 1.74219353297
24 TAG 0.105330184002 0.265793188627
24 TAG 0.110523117063 0.270379802706
24 TAG 0.116425169667 0.275341612323
24 TGA 0.390866648376 1.05439101535
24 TGA 0.405264511939 1.10419174043
24 TGA 0.433749080931 1.11456691554
25 TAA 0.0339432668929 0.380581840603
25 TAA 0.0382823410988 0.386667283828
25 TAA 0.0388005764829 0.411725571695
25 TAG 0.149360756406 0.679898773923
25 TAG 0.153836609671 0.729516920947
25 TAG 0.156991506359 0.745783605142
25 TGA 0.0180195266388 0.152451733817
25 TGA 0.0199250326405 0.155581690907
25 TGA 0.0213867860809 0.17740683309
26 TAA 0.923963341781 1.69666759675
26 TAA 0.942745603671 1.84563279929
26 TAA 1.06672024907 1.89588514145
26 TAG 0.361064613502 0.672403097463
26 TAG 0.375532482098 0.718303987789
26 TAG 0.378539403055 0.723739995623
26 TGA 0.139166815484 0.404335321619
26 TGA 0.141809464305 0.405466906263
26 TGA 0.166858215109 0.444615640315
27 TAA 0.891293435473 1.45166398728
27 TAA 0.892635285853 1.48093729528
27 TAA 0.936794440721 1.49642347377
27 TAG 0.797678489815 1.34920391991
27 TAG 0.816166910464 1.49723043083
27 TAG 0.826551298473 1.50107838913
27 TGA 0.376390830548 0.721422426572
27 TGA 0.393581148831 0.761433060028
27 TGA 0.412781475267 0.796703068254
28 TAA 0.125763551973 0.745757855414
28 TAA 0.135176376773 0.823030977543
28 TAA 0.144369668825 0.824026679386
28 TAG 0.274195377268 1.34311721956
28 TAG 0.276896136712 1.35006567042
28 TAG 0.312782038683 1.36069333322
28 TGA 0.207466154495 1.04439590115
28 TGA 0.23328692632 1.07984897858
28 TGA 0.260303358763 1.15614291274
29 TAA 0.369585919822 1.11417740294
29 TAA 0.383236994341 1.11976519755
29 TAA 0.388049985737 1.12622645185
29 TAG 0.058458935391 0.4215878802
29 TAG 0.067374733392 0.458014487811
29 TAG 0.0684824493854 0.481797879584
29 TGA 0.179946981493 0.733719853723
29 TGA 0.20514478765 0.738023821779
29 TGA 0.211664166591 0.75261208792
30 TAA 0.44112967827 0.991077726016
30 TAA 0.46434347797 1.02707469869
30 TAA 0.506985688772 1.05678676044
30 TAG 0.342736192744 0.694485541652
30 TAG 0.362450511648 0.769163705667
30 TAG 0.375184073251 0.771497288851
30 TGA 0.491678574497 0.968020700139
30 TGA 0.570790515779 1.06768145522
30 TGA 0.586311879403 1.08616512069
31 TAA 0.859093335644 1.53296248521
31 TAA 0.87047937692 1.56436672516
31 TAA 0.920406639709 1.601501691
31 TAG 0.908097820391 1.68978180395
31 TAG 0.984645305004 1.86178851484
31 TAG 1.05544061063 1.91618753742
31 TGA 0.381442212631 0.763759792993
31 TGA 0.397577838882 0.768328759179
31 TGA 0.433942246427 0.795938406738
32 TAA 0.270523964379 0.640085286433
32 TAA 0.284099735756 0.671629744757
32 TAA 0.328338457177 0.675168586974
32 TAG 0.376138380237 1.11000768852
32 TAG 0.397702583744 1.11432734367
32 TAG 0.398658780706 1.13703337175
32 TGA 0.210749885984 0.721729729783
32 TGA 0.211217441834 0.751258715423
32 TGA 0.22392118614 0.774271906989
33 TAA 0.401426774135 0.883252920905
33 TAA 0.414906029368 0.894756258607
33 TAA 0.440473297051 0.897306487931
33 TAG 0.167444780286 0.529065380802
33 TAG 0.177226658898 0.531903029421
33 TAG 0.204107729707 0.55099487433
33 TGA 0.423514955591 1.33987882983
33 TGA 0.434467856069 1.43286948711
33 TGA 0.434534526814 1.48643344183
34 TAA 0.101702976345 0.608097311771
34 TAA 0.108226811004 0.617288959114
34 TAA 0.110955579734 0.654954286185
34 TAG 0.729776576367 1.55529764728
34 TAG 0.759312608145 1.56839137872
34 TAG 0.867560303729 1.76263420862
34 TGA 0.407531647499 1.66878770468
34 TGA 0.433986381994 1.79601981159
34 TGA 0.456355675526 1.87139168048
35 TAA 0.260419890512 1.03246931239
35 TAA 0.266302230905 1.03687557018
35 TAA 0.292109090238 1.04795947981
35 TAG 0.068769067093 0.55522337029
35 TAG 0.0852335508638 0.580482302666
35 TAG 0.086212448343 0.583605802626
35 TGA 0.111742974387 0.466774450899
35 TGA 0.123684254059 0.480225897438
35 TGA 0.136957834851 0.516586045346
36 TAA 0.313450791752 1.08119519586
36 TAA 0.314688711945 1.18997617322
36 TAA 0.319002512898 1.22023164109
36 TAG 0.13353349548 0.603544885373
36 TAG 0.143248108477 0.613699817571
36 TAG 0.145284611164 0.655577194081
36 TGA 0.177665750983 0.672390744288
36 TGA 0.180533844491 0.719488689476
36 TGA 0.196621296835 0.726986375774
37 TAA 0.26500255548 0.810752756796
37 TAA 0.282377685692 0.819108815632
37 TAA 0.283170047749 0.850525529085
37 TAG 0.23829973974 0.786211568283
37 TAG 0.275411016867 0.808835729989
37 TAG 0.289927174241 0.840284337335
37 TGA 0.347080358188 1.0206784589
37 TGA 0.352482022452 1.1142927641
37 TGA 0.359264233123 1.11846197089
38 TAA 0.0727116237082 0.422751280365
38 TAA 0.0758717103934 0.42961237879
38 TAA 0.0761384186028 0.449219265394
38 TAG 0.144886526692 0.530579719293
38 TAG 0.146054902424 0.550222860309
38 TAG 0.154523571414 0.595314479336
38 TGA 0.138249216056 0.537779656737
38 TGA 0.14209769126 0.582529928971
38 TGA 0.151624910485 0.62024008336
39 TAA 0.0714045398845 0.410482749043
39 TAA 0.077256431149 0.417843330935
39 TAA 0.0821807075771 0.454396139731
39 TAG 0.152745405646 0.740762406464
39 TAG 0.153315616122 0.793829108753
39 TAG 0.1670404294 0.80713929399
39 TGA 0.139851476178 0.652478538777
39 TGA 0.152728504615 0.656490270822
39 TGA 0.159357315456 0.657627847605
40 TAA 0.585081932196 1.65221907855
40 TAA 0.642212152161 1.68775109214
40 TAA 0.723652208578 1.70996661405
40 TAG 0.395302734871 1.10734215433
40 TAG 0.40735501597 1.15965483704
40 TAG 0.461329647126 1.21252637661
40 TGA 0.0764079233298 0.463324476287
40 TGA 0.0778907675395 0.498327184738
40 TGA 0.0816743750697 0.517369318835
41 TAA 0.190422032226 0.84035228556
41 TAA 0.191426963507 0.851676468088
41 TAA 0.210529904889 0.873159103545
41 TAG 0.0979932980592 0.659728625453
41 TAG 0.107733716927 0.691954953594
41 TAG 0.109831440664 0.716925819726
41 TGA 0.193287925568 0.973137956638
41 TGA 0.199450061086 0.976700961971
41 TGA 0.203497731925 1.05453453706
42 TAA 0.105491307937 0.462834328528
42 TAA 0.11523855824 0.502582413594
42 TAA 0.120144103072 0.513972855008
42 TAG 0.26731349201 1.00161090725
42 TAG 0.270322497166 1.12615116819
42 TAG 0.270649104211 1.15422113913
42 TGA 0.0262642258939 0.46048192664
42 TGA 0.0301685321213 0.477380916619
42 TGA 0.0310723941878 0.495130575579
43 TAA 0.185710619278 0.876043438748
43 TAA 0.195200128431 0.886655347218
43 TAA 0.203399355557 0.932799313723
43 TAG 0.108128634055 0.596181093481
43 TAG 0.115462012536 0.662891341096
43 TAG 0.119198795145 0.689752988498
43 TGA 0.173844326253 0.880540693785
43 TGA 0.185427500563 0.968252657317
43 TGA 0.191237403249 1.02054476654
44 TAA 0.0840544348341 0.531020813437
44 TAA 0.0868780438285 0.578444693412
44 TAA 0.091519272954 0.596174228419
44 TAG 0.227701441155 0.649579266049
44 TAG 0.243393161307 0.74690395149
44 TAG 0.244320530067 0.78246956034
44 TGA 0.155697014828 0.649802300742
44 TGA 0.156127257799 0.711818061637
44 TGA 0.15937141876 0.741541063838
45 TAA 0.294678531715 1.23422481865
45 TAA 0.301663091426 1.29265175804
45 TAA 0.32347552666 1.29993335809
45 TAG 0.0281678075078 0.413959786174
45 TAG 0.030146289489 0.430920723574
45 TAG 0.0316240110933 0.449218497589
45 TGA 0.105589561234 0.779939152924
45 TGA 0.112349982441 0.824780413263
45 TGA 0.116468534198 0.919388324727
46 TAA 0.283604349712 1.11261268886
46 TAA 0.300314829397 1.14427992818
46 TAA 0.300566705806 1.14525491754
46 TAG 0.0795749948514 0.732982710809
46 TAG 0.0803606379549 0.74210315794
46 TAG 0.084076056679 0.786946202549
46 TGA 0.230657382531 1.16083909089
46 TGA 0.254677819396 1.19832235895
46 TGA 0.288296013288 1.2239276325
47 TAA 0.0386647027232 0.319210595215
47 TAA 0.0389997128564 0.327143816005
47 TAA 0.0451704560779 0.335828494595
47 TAG 0.415862482183 1.72320604311
47 TAG 0.433119418312 1.93124959633
47 TAG 0.448336650706 2.14713114919
47 TGA 0.110070528872 0.751929902405
47 TGA 0.122678525473 0.755363700162
47 TGA 0.122700988233 0.800588164088
48 TAA 0.550709041789 1.64879180768
48 TAA 0.56169157241 1.67476359027
48 TAA 0.572592138149 1.71049277833
48 TAG 0.161312525364 0.577530505629
48 TAG 0.188461385318 0.605367855033
48 TAG 0.201229672149 0.625842808925
48 TGA 0.257258131862 0.956052767733
48 TGA 0.258838790759 1.0027657148
48 TGA 0.272714034385 1.0400759833
49 TAA 0.0216442934811 0.305874132697
49 TAA 0.0241118819521 0.315252774221
49 TAA 0.0266353540338 0.330049554692
49 TAG 0.229257208556 0.839941571785
49 TAG 0.247300953903 0.849500368283
49 TAG 0.300530720902 0.947977291735
49 TGA 0.0602335872786 0.55710979723
49 TGA 0.0646370133136 0.572322680974
49 TGA 0.0660295698775 0.580766036806
50 TAA 0.21039165797 0.602489353489
50 TAA 0.212864631748 0.624589520785
50 TAA 0.221505331907 0.675538154026
50 TAG 0.218291261638 0.756608403561
50 TAG 0.221449933318 0.820303062911
50 TAG 0.224685926801 0.828155930414
50 TGA 0.0448041309987 0.651042221115
50 TGA 0.0448753708687 0.667143185014
50 TGA 0.0452849120306 0.695752838009
51 TAA 0.0984014368595 0.847434360239
51 TAA 0.10455410104 0.863814174543
51 TAA 0.120093408918 0.868669577549
51 TAG 0.0551031476977 0.397754335915
51 TAG 0.0620384996625 0.405064699382
51 TAG 0.0664303220106 0.412622746148
51 TGA 0.0979780010162 0.643481263225
51 TGA 0.111149070813 0.668542567761
51 TGA 0.116670265628 0.700701966015
52 TAA 0.106417807794 0.815964739106
52 TAA 0.124961060153 0.881102467249
52 TAA 0.127443700514 0.885174310806
52 TAG 0.139849574438 0.594080301365
52 TAG 0.152324855898 0.6076012588
52 TAG 0.174930378065 0.609389505827
52 TGA 0.117920943991 0.695523447167
52 TGA 0.122410501697 0.726025818642
52 TGA 0.150816164699 0.726276667313
53 TAA 0.084377054533 0.428890500363
53 TAA 0.0880844437892 0.469649429666
53 TAA 0.091787243743 0.472315501831
53 TAG 0.251718291856 1.08566172991
53 TAG 0.269962611876 1.09222315864
53 TAG 0.271859184726 1.17591861665
53 TGA 0.0503184114921 0.331149851545
53 TGA 0.0668599259649 0.337421875924
53 TGA 0.0720840426498 0.347519896646
54 TAA 0.229543313998 1.23401755064
54 TAA 0.24767133622 1.35876500261
54 TAA 0.26566353748 1.36021143601
54 TAG 0.0321632984231 0.499103587266
54 TAG 0.035540740769 0.511137073931
54 TAG 0.0418580945317 0.549620923133
54 TGA 0.109346226246 0.753081719037
54 TGA 0.110624676774 0.819578058782
54 TGA 0.113964119578 0.83124773127
55 TAA 0.0200030020193 0.422936806342
55 TAA 0.0222139500233 0.448326176532
55 TAA 0.0232202167796 0.45560883529
55 TAG 0.0329098670816 0.530039494272
55 TAG 0.0337209503487 0.575919408007
55 TAG 0.037028598577 0.585313878968
55 TGA 0.0294406488706 0.507605119543
55 TGA 0.0302815254206 0.536324586753
55 TGA 0.0316635774668 0.566883853091
56 TAA 0.174187069341 0.666615669356
56 TAA 0.179382779212 0.683151451869
56 TAA 0.180466563161 0.721820597477
56 TAG 0.530767263883 1.5844622925
56 TAG 0.647091342627 1.61832893493
56 TAG 0.655543620058 1.64113616527
56 TGA 0.203833621966 0.555072571404
56 TGA 0.219187557073 0.6333403515
56 TGA 0.239687188406 0.640176051377
57 TAA 0.0882943942349 0.627002718568
57 TAA 0.102083499423 0.691289410965
57 TAA 0.117191704411 0.780059450252
57 TAG 0.0455893187928 0.617481922373
57 TAG 0.048977733971 0.648079840382
57 TAG 0.0507916430744 0.666177950881
57 TGA 0.0583016823175 0.566612535654
57 TGA 0.0604363912637 0.594911974354
57 TGA 0.0628921116439 0.625744531408
58 TAA 0.0332305750532 0.448777515461
58 TAA 0.037127714346 0.469034815121
58 TAA 0.0390109304204 0.479392403175
58 TAG 0.112441231606 0.606746974024
58 TAG 0.121070155615 0.649854427272
58 TAG 0.128235595914 0.672260342397
58 TGA 0.115583692934 0.705682809652
58 TGA 0.125786688532 0.760379063923
58 TGA 0.132003602267 0.796525964957
59 TAA 0.0588771089319 0.458624783198
59 TAA 0.0643670735329 0.51265095208
59 TAA 0.0697515550811 0.513448156989
59 TAG 0.285954452488 0.856501718659
59 TAG 0.293813917349 0.891256071383
59 TAG 0.34368157395 1.03717810115
59 TGA 0.0711726934801 0.46222062147
59 TGA 0.0772471814718 0.471950236759
59 TGA 0.085314815352 0.475533144252
60 TAA 0.047492167405 0.353611600942
60 TAA 0.0578670035586 0.358022390602
60 TAA 0.0591424635345 0.361199133296
60 TAG 0.0736164867145 0.437450698548
60 TAG 0.0738455404147 0.439920958042
60 TAG 0.083649009516 0.475552216614
60 TGA 0.106424503957 0.513390903081
60 TGA 0.113867639787 0.565499409319
60 TGA 0.116835635382 0.578059675325
61 TAA 0.175528830366 0.864227374115
61 TAA 0.19177074651 0.88661020452
61 TAA 0.222454677226 0.903711860555
61 TAG 0.0875273331593 0.456170905899
61 TAG 0.0947276319587 0.472957650378
61 TAG 0.100485578297 0.504300601794
61 TGA 0.0374006737237 0.36407200421
61 TGA 0.0420798650978 0.368057043047
61 TGA 0.0485091936559 0.400562059547
62 TAA 0.160568035909 0.416499365897
62 TAA 0.178956510537 0.431274222652
62 TAA 0.179769946738 0.489190025467
62 TAG 0.0610852515666 0.714981225122
62 TAG 0.0684803351989 0.732502687051
62 TAG 0.0733426329325 0.758650225413
62 TGA 0.0233820208108 0.195580920011
62 TGA 0.0251726892259 0.201164773996
62 TGA 0.0319959105603 0.230185427685
63 TAA 0.303255946818 1.03718286329
63 TAA 0.334082579268 1.09000190482
63 TAA 0.346182093566 1.20690940946
63 TAG 0.0399160180321 0.342918851505
63 TAG 0.039960402295 0.351955656692
63 TAG 0.0434398439798 0.356849866214
63 TGA 0.0419985816412 0.252415979219
63 TGA 0.0510812482118 0.256202321111
63 TGA 0.0545340549003 0.262445456027
64 TAA 0.150361095817 0.853132448505
64 TAA 0.197154358014 0.975029655877
64 TAA 0.202794252246 1.00945140501
64 TAG 0.133981265347 0.423957602152
64 TAG 0.137928011838 0.465445971409
64 TAG 0.138437285637 0.482047433126
64 TGA 0.150612044434 0.987572568156
64 TGA 0.164610525683 1.02707259505
64 TGA 0.169549754113 1.08655874503
65 TAA 0.165083602363 0.792682885277
65 TAA 0.18258401103 0.843276989124
65 TAA 0.1862355505 0.864564435454
65 TAG 0.494123097774 1.41810433594
65 TAG 0.525450551116 1.46878979888
65 TAG 0.53071949059 1.6144369547
65 TGA 0.0458971012578 0.378160751107
65 TGA 0.053528606254 0.390795423022
65 TGA 0.056134610663 0.422151200644
66 TAA 0.0713475595776 0.530236078797
66 TAA 0.0714009556581 0.547411011478
66 TAA 0.0892313848856 0.555972348029
66 TAG 0.0805922802258 0.553040178795
66 TAG 0.0910420042221 0.570434707796
66 TAG 0.127228926566 0.577152895171
66 TGA 0.095119919884 0.441263688399
66 TGA 0.100790734077 0.458501585572
66 TGA 0.101754121544 0.504006148412
67 TAA 0.145983064358 0.599987682816
67 TAA 0.149277439387 0.620812073832
67 TAA 0.163321344951 0.664059249943
67 TAG 0.0430684284285 0.454586818526
67 TAG 0.0475659774002 0.485896303597
67 TAG 0.0546980131737 0.496869511562
67 TGA 0.153412968226 0.891895164398
67 TGA 0.161578267421 0.89946998874
67 TGA 0.172524456572 0.970123919782
68 TAA 0.0166168938154 0.257139590922
68 TAA 0.017924298993 0.257337661169
68 TAA 0.0186918034887 0.267601307422
68 TAG 0.150756633086 0.547066037329
68 TAG 0.169154861014 0.551725386748
68 TAG 0.179924994949 0.577087746211
68 TGA 0.143789116111 0.81693020278
68 TGA 0.149600334736 0.875510516131
68 TGA 0.155260092579 0.942752992139
69 TAA 0.0911027558832 0.567356615605
69 TAA 0.0935746598251 0.603186346273
69 TAA 0.09556240293 0.610447511107
69 TAG 0.0575195613416 0.463039458885
69 TAG 0.0597924528912 0.463991349671
69 TAG 0.0616351300897 0.47153792608
69 TGA 0.168719492649 0.680356872475
69 TGA 0.180429463562 0.692067671421
69 TGA 0.190581319138 0.711127531952
70 TAA 0.0532552101455 0.347802216274
70 TAA 0.0547323811837 0.378430596802
70 TAA 0.0628786914662 0.397059099408
70 TAG 0.0863543593089 0.640731694344
70 TAG 0.0942989562173 0.646070658762
70 TAG 0.0982310123873 0.684519178266
70 TGA 0.2963844295 1.01693277041
70 TGA 0.31198134205 1.13812365096
70 TGA 0.332458031792 1.19176169784
71 TAA 0.0765610047663 0.568717969268
71 TAA 0.093198992887 0.608590606369
71 TAA 0.0967574293413 0.610024548517
71 TAG 0.555810776738 1.5839038342
71 TAG 0.599634355256 1.61024580256
71 TAG 0.639060457587 1.69649068441
71 TGA 0.0801789014216 0.362288516795
71 TGA 0.08605437657 0.404438098702
71 TGA 0.0918043015737 0.45955509833
72 TAA 0.043610991569 0.249185480638
72 TAA 0.0477173264358 0.251934602187
72 TAA 0.0504036953055 0.266109122787
72 TAG 0.260016283097 0.921771119562
72 TAG 0.276302528969 0.980088431841
72 TAG 0.281917018858 1.03811516474
72 TGA 0.155288743028 0.584199594828
72 TGA 0.15624542831 0.602978122548
72 TGA 0.161406911122 0.712404636993
73 TAA 0.1122209587 0.63669001525
73 TAA 0.120329652318 0.63942872008
73 TAA 0.122671766019 0.669453796467
73 TAG 0.0547154441987 0.586493443768
73 TAG 0.0566099626897 0.619225357154
73 TAG 0.0569692864355 0.62208346952
73 TGA 0.0547488281457 0.247806678157
73 TGA 0.0687541922373 0.291357807074
73 TGA 0.0805151769054 0.367489385867
74 TAA 0.0273078620247 0.415199627037
74 TAA 0.0296595971868 0.448920389553
74 TAA 0.0351642659922 0.489727100584
74 TAG 0.287472574349 0.85438311436
74 TAG 0.300385580825 0.867611419077
74 TAG 0.323669664483 0.954032325841
74 TGA 0.392649236394 1.08734741337
74 TGA 0.409552638711 1.2014500785
74 TGA 0.436647378737 1.22297803603
75 TAA 0.095766938749 0.527480443017
75 TAA 0.10045776754 0.546005632953
75 TAA 0.10846018317 0.600429466043
75 TAG 0.129339522869 0.431051015192
75 TAG 0.135796146143 0.47039941595
75 TAG 0.209184304361 0.523579822752
75 TGA 0.0354058994119 0.173373824761
75 TGA 0.0408693318252 0.186710191283
75 TGA 0.0459141787305 0.189471677513
76 TAA 0.0760185771131 0.297681134161
76 TAA 0.0762811125983 0.314200568518
76 TAA 0.091861154701 0.328064022674
76 TAG 0.108889731989 0.454829680319
76 TAG 0.129216842442 0.465987961169
76 TAG 0.130577438458 0.499517254732
76 TGA 0.0392600960377 0.267014309724
76 TGA 0.0442582993767 0.306507832798
76 TGA 0.048869361229 0.322095256418
77 TAA 0.0603188353007 0.391413293867
77 TAA 0.0750473968676 0.402668001556
77 TAA 0.0821660032143 0.412172935429
77 TAG 0.042830911339 0.43318857878
77 TAG 0.043594078426 0.444802873648
77 TAG 0.0474027268929 0.470796953676
77 TGA 0.0841006638654 0.394406240695
77 TGA 0.0881186720215 0.409034299456
77 TGA 0.09466556597 0.422738575951
78 TAA 0.0351142172798 0.156552873606
78 TAA 0.0367088719844 0.168050181251
78 TAA 0.041879752316 0.180224476265
78 TAG 0.0499390929484 0.272990570443
78 TAG 0.0570986440013 0.300748631888
78 TAG 0.0592965860514 0.312286434814
78 TGA 0.0839770862034 0.476111896403
78 TGA 0.0916714816874 0.528684811704
78 TGA 0.109335197014 0.532597880592
79 TAA 0.218946800556 0.914749040225
79 TAA 0.23528515778 1.00473828388
79 TAA 0.257480270403 1.07362214488
79 TAG 0.112753170069 0.602860236798
79 TAG 0.117571236034 0.645923642458
79 TAG 0.119207623691 0.649508359193
79 TGA 0.0313753046987 0.278201705583
79 TGA 0.0353835859261 0.278812988247
79 TGA 0.0395779853789 0.279813638224
80 TAA 0.118156629352 0.627785123481
80 TAA 0.118291125731 0.634215554
80 TAA 0.125313260904 0.635131316955
80 TAG 0.16996002893 0.567420610177
80 TAG 0.170247067762 0.571647245247
80 TAG 0.179900232943 0.624431459893
80 TGA 0.102351813721 0.457785530875
80 TGA 0.108776164143 0.47854831778
80 TGA 0.113973582446 0.532632146485
81 TAA 0.134837889338 0.625991922474
81 TAA 0.139378270608 0.653093884957
81 TAA 0.140205117507 0.681976020481
81 TAG 0.0709157373743 0.343348877249
81 TAG 0.0776328388024 0.351425370945
81 TAG 0.0903918816453 0.383031570032
81 TGA 0.0637357072622 0.512059838379
81 TGA 0.0645398405953 0.566012536242
81 TGA 0.072874610142 0.593938934592
82 TAA 0.07189871416 0.17045260594
82 TAA 0.0824376134504 0.198701096022
82 TAA 0.0915792365975 0.201031680248
82 TAG 0.177555627466 0.575992999844
82 TAG 0.187497236951 0.622270605366
82 TAG 0.195221221104 0.655370213706
82 TGA 0.147345277091 0.693279229382
82 TGA 0.156022534187 0.703123255202
82 TGA 0.172002464266 0.711784220584
83 TAA 0.247315606386 1.01495981679
83 TAA 0.267984281448 1.02924821508
83 TAA 0.278691417305 1.05352879695
83 TAG 0.270190467778 0.725411203352
83 TAG 0.27485351706 0.747447549592
83 TAG 0.29155877613 0.859660973872
83 TGA 0.096961228629 0.361682874154
83 TGA 0.103517419274 0.393266785394
83 TGA 0.115028128493 0.399924861134
84 TAA 0.22300443724 0.607900359944
84 TAA 0.24110079322 0.631280602926
84 TAA 0.25014924104 0.6468884148
84 TAG 0.395188265635 1.10870893324
84 TAG 0.397168303409 1.21602915902
84 TAG 0.440914575521 1.28142913355
84 TGA 0.0884836820829 0.346631887761
84 TGA 0.0919824200896 0.371782391816
84 TGA 0.0958713264716 0.377404792234
85 TAA 0.0423110336905 0.285620058512
85 TAA 0.0489851555342 0.304351862559
85 TAA 0.0581483520548 0.317783380635
85 TAG 0.0661383278309 0.78233364464
85 TAG 0.0731553802338 0.79631252669
85 TAG 0.0878143213777 0.854745332719
85 TGA 0.185601968434 0.787824113784
85 TGA 0.192023659697 0.806791395685
85 TGA 0.202037120614 0.972637285103
86 TAA 0.0372881171111 0.269054295982
86 TAA 0.0424212942106 0.277537240965
86 TAA 0.0429127018505 0.300313238022
86 TGA 0.0496722065363 0.227742864414
86 TGA 0.0565111725094 0.250268233855
86 TGA 0.0593242859597 0.282955606702
87 TAA 0.048952234479 0.60077642469
87 TAA 0.049737148783 0.626124618494
87 TAA 0.061162690448 0.631343702784
87 TAG 0.0299372800812 0.434134479672
87 TAG 0.0319678309897 0.438083719778
87 TAG 0.04389521506 0.487429080702
87 TGA 0.0213915761424 0.264864531773
87 TGA 0.0232403526856 0.272975427168
87 TGA 0.031945852891 0.28370452224
88 TAA 0.0581846137778 0.514253117701
88 TAA 0.0610946296404 0.518348667425
88 TAA 0.096132031206 0.542637053125
88 TAG 0.0514547104033 0.482382745899
88 TAG 0.0591219090903 0.497706509491
88 TAG 0.062635441864 0.536997359273
88 TGA 0.0665201725399 0.478552825043
88 TGA 0.0722951512013 0.502268901338
88 TGA 0.0995184464166 0.549480198355
89 TAA 0.0868968101536 0.367262759346
89 TAA 0.096286335602 0.42822647412
89 TAA 0.170136970876 0.439231802162
89 TAG 0.816479942909 2.46640904622
89 TAG 0.945880263616 2.60087837087
89 TAG 1.65495901787 2.74424760943
89 TGA 0.0293555567171 0.383361445752
89 TGA 0.0305911009798 0.424800213493
89 TGA 0.0437508199448 0.434166260764
90 TAA 0.0974242170274 0.424213002196
90 TAA 0.163845103787 0.443141932487
90 TAA 0.166002019428 0.656300358947
90 TAG 0.199362652236 0.646124223501
90 TAG 0.210022327975 0.870305338384
90 TAG 0.259659005999 0.907324061315
90 TGA 0.0299183918598 0.322107984149
90 TGA 0.0326014374341 0.350317411819
90 TGA 0.0556560430641 0.378810459146
91 TAA 0.0363311872774 0.336769849685
91 TAA 0.0384952605179 0.35130074909
91 TAA 0.0568826554113 0.367980152227
91 TAG 0.0128592986802 0.31069235553
91 TAG 0.0153864015129 0.314412566737
91 TAG 0.0229498782204 0.329014368263
91 TGA 0.0246270135305 0.401910078113
91 TGA 0.0282506231053 0.404289126233
91 TGA 0.0378313395823 0.404672332481
92 TAA 0.0826606096616 0.522907169223
92 TAA 0.0867107527104 0.543802711195
92 TAA 0.115576665563 0.548383319091
92 TAG 0.0309211762372 0.307186168201
92 TAG 0.0392382599079 0.314680034317
92 TAG 0.0472950441613 0.323732203172
92 TGA 0.00699202603807 0.146195033473
92 TGA 0.00796218550706 0.149412861904
92 TGA 0.00909433256237 0.168482137722
93 TAA 0.0175176626232 0.3446177772
93 TAA 0.0196642020383 0.349934451991
93 TAA 0.028846136962 0.368728179886
93 TAG 0.0222733375069 0.241833891604
93 TAG 0.0223076222771 0.265189659737
93 TAG 0.0272544306995 0.299643632195
93 TGA 0.0963584375582 0.464327246272
93 TGA 0.0982174869546 0.471495576003
93 TGA 0.115699889342 0.490263243209
94 TAA 0.0562245961217 0.556624214607
94 TAA 0.0644115729827 0.570290806513
94 TAA 0.0964293798783 0.592681918638
94 TAG 0.0905479910288 0.735693623521
94 TAG 0.0953614637148 0.745877197281
94 TAG 0.140451858241 0.770349424838
94 TGA 0.0754874410873 0.51593370118
94 TGA 0.0850964538182 0.610194667507
94 TGA 0.0910519540303 0.682213046119
95 TAA 0.0594262758202 0.427483117796
95 TAA 0.0772859336765 0.428809149376
95 TAA 0.0817991215207 0.488421860922
95 TAG 0.104172879745 0.391144272723
95 TAG 0.16474902066 0.450828646314
95 TAG 0.278841978503 0.612157675746
95 TGA 0.0344799053282 0.364329665934
95 TGA 0.0403287463488 0.371836998028
95 TGA 0.050243648383 0.372117211144
96 TAA 0.378988530705 1.77214464768
96 TAA 0.437013265903 1.82194758161
96 TAA 0.5595467862 2.41363221306
96 TAG 0.040222181164 0.320771996321
96 TAG 0.052837740731 0.324328335652
96 TAG 0.0557334932768 0.337992649658
96 TGA 0.0466045651724 0.432121693463
96 TGA 0.0492617756459 0.499219038429
96 TGA 0.0770747634828 0.527530742757
97 TAA 0.040904929549 0.434595809241
97 TAA 0.0409501053303 0.4392504107
97 TAA 0.0622739182414 0.447465477668
97 TAG 0.215351199284 0.689825031331
97 TAG 0.243130678294 0.873067740881
97 TAG 0.370293769583 0.883045969027
97 TGA 0.0258102211389 0.325446276214
97 TGA 0.0450723835376 0.340184973014
97 TGA 0.0648251598977 0.356993887171
98 TAA 0.029437974645 0.377412674781
98 TAA 0.0315404211955 0.383526039555
98 TAA 0.0499862913007 0.401650575754
98 TAG 0.0866280590933 0.309133524266
98 TAG 0.0987766559318 0.316426332694
98 TAG 0.107694807048 0.322198986455
98 TGA 0.0413717667323 0.461554763742
98 TGA 0.0439388870259 0.480425423838
98 TGA 0.0725439903783 0.481419849643
99 TAA 0.0364216432297 0.384630490097
99 TAA 0.0392421542191 0.388173992727
99 TAA 0.061497086924 0.398432177247
99 TAG 0.0427557116948 0.649548155425
99 TAG 0.0587457725867 0.67334462773
99 TAG 0.0738857987892 0.692636060968
99 TGA 0.0649412400237 0.376920571422
99 TGA 0.0738959145761 0.401719466507
99 TGA 0.0866744974181 0.407130444092
100 TAA 0.241229348185 0.844989337925
100 TAA 0.270660051879 0.907587055243
100 TAA 0.352452056856 0.928568644994
100 TAG 0.0301702719399 0.263049316681
100 TAG 0.0325526895515 0.29105668443
100 TAG 0.0494874467149 0.329641825279
100 TGA 0.0895012253613 0.468344892424
100 TGA 0.0976077620863 0.539292725821
100 TGA 0.120345767817 0.545099017892
101 TAA 0.0194900521941 0.401755593007
101 TAA 0.0249599104057 0.459845507844
101 TAA 0.0428311626512 0.488255385814
101 TAG 0.0204268280458 0.315805832636
101 TAG 0.0228141217034 0.337896707543
101 TAG 0.0433381461054 0.344545367042
101 TGA 0.464793553081 1.34274748149
101 TGA 0.472750831248 1.787893126
101 TGA 0.511439730076 2.19195594025
102 TAA 0.029865551973 0.418907682953
102 TAA 0.0331273451592 0.421398247736
102 TAA 0.0456865012059 0.448565731717
102 TAG 0.0727963005585 0.639088517668
102 TAG 0.0911010137961 0.688628090665
102 TAG 0.107189462455 0.733887932133
102 TGA 0.0349755740575 0.327595011213
102 TGA 0.0366353451629 0.352767287393
102 TGA 0.0520477649193 0.353473049854
103 TAA 0.0214278526334 0.353036616807
103 TAA 0.0216937930098 0.359831295737
103 TAA 0.0320940366574 0.371533455128
103 TAG 0.124434515263 0.7348428128
103 TAG 0.142604982862 0.836430285981
103 TAG 0.188941372669 0.856778738763
103 TGA 0.0218399272197 0.278151912852
103 TGA 0.0238672092502 0.302303979063
103 TGA 0.0307927454505 0.351994950705
104 TAA 0.499779542645 0.887710338379
104 TAA 0.522283652069 1.01548411364
104 TAA 1.01994364529 1.1560471763
104 TAG 0.140648764597 0.556824403405
104 TAG 0.211784511939 0.599271157453
104 TAG 0.216315117464 0.667974660709
104 TGA 0.0352266870368 0.506790842312
104 TGA 0.0358338978283 0.529939675093
104 TGA 0.0518428502856 0.536815953861
105 TAA 0.202329995292 0.583497410812
105 TAA 0.247742734832 0.604237603964
105 TAA 0.279833859546 0.671040166528
105 TAG 0.044358527684 0.482949988285
105 TAG 0.0509768945513 0.51418823128
105 TAG 0.0563511290375 0.565960719357
105 TGA 0.0250420014506 0.15134555563
105 TGA 0.0291678154439 0.167082586157
105 TGA 0.0333420272405 0.170098766756
106 TAA 0.0256837256727 0.51919528002
106 TAA 0.0291571879388 0.524624257175
106 TAA 0.0429913333595 0.527109861554
106 TAG 0.0636154285394 0.335367246766
106 TAG 0.0760399968737 0.432898864271
106 TAG 0.110082477895 0.445793929923
106 TGA 0.0130692356377 0.282553014672
106 TGA 0.0142533439599 0.312362650407
106 TGA 0.0223567807705 0.324675183561
107 TAA 0.0145919666065 0.395861839878
107 TAA 0.0146802788683 0.409409662415
107 TAA 0.0252811280588 0.415462313086
107 TAG 0.00939373300587 0.284834809395
107 TAG 0.0101889657295 0.312175364942
107 TAG 0.0162628065641 0.320326391928
107 TGA 0.0279994937792 0.281802352135
107 TGA 0.0351810684023 0.315637071086
107 TGA 0.0380339018605 0.316643515003
108 TAA 0.00938906788241 0.217090296591
108 TAA 0.00977564926946 0.245435463532
108 TAA 0.0142429706815 0.246818729216
108 TAG 0.073261291881 0.541127149276
108 TAG 0.0834415280102 0.577148240693
108 TAG 0.101609898932 0.630857118374
108 TGA 0.0462873990325 0.478491010782
108 TGA 0.0488180238201 0.494608640984
108 TGA 0.0764021365989 0.531629694105
109 TAA 0.214570297022 1.29063466541
109 TAA 0.278305837714 1.37900647138
109 TAA 0.314202570692 1.75624888703
109 TAG 0.017539319347 0.0922037592112
109 TAG 0.0246592582534 0.112731863914
109 TAG 0.0298278197941 0.119742508487
109 TGA 0.133889577471 0.589017845269
109 TGA 0.15436573852 0.904392233466
109 TGA 0.170126233067 1.02926001332
110 TAA 0.0325612209589 0.43810786719
110 TAA 0.0329797028486 0.456490751521
110 TAA 0.0711759822237 0.572414988758
110 TAG 0.00546779675266 0.145575435133
110 TAG 0.0106801868574 0.1603450463
110 TAG 0.0142772931963 0.242170498763
110 TGA 0.0848016961871 0.699823206081
110 TGA 0.0868170088168 0.857044116545
110 TGA 0.121947740784 0.887225495196
111 TAA 0.0878672460496 0.511766970608
111 TAA 0.0906726720245 0.534831251343
111 TAA 0.0967895106913 0.554414854238
111 TAG 0.0289235566054 0.11608976715
111 TAG 0.0295018805585 0.136922140142
111 TAG 0.0344853763955 0.137795216387
111 TGA 0.0162790050993 0.259247749167
111 TGA 0.0168399032709 0.267066001512
111 TGA 0.0259624113674 0.268993789473
112 TAA 0.00737958664866 0.261806305643
112 TAA 0.00760367000865 0.267744198335
112 TAA 0.0138626580113 0.271434366542
112 TAG 0.0514833502575 0.303016624297
112 TAG 0.0554322786328 0.329603718773
112 TAG 0.0622821648865 0.351063833951
112 TGA 0.0817693838738 0.709605810107
112 TGA 0.0865517416836 0.749323491988
112 TGA 0.117031912418 0.779972066766
113 TAA 0.0335605679299 0.375413945409
113 TAA 0.041272719459 0.376616619268
113 TAA 0.0530050958104 0.441659526491
113 TAG 0.0695564484009 0.573056690668
113 TAG 0.0961134946099 0.580202540568
113 TAG 0.114359156314 0.583989369249
113 TGA 0.0049289044998 0.13364561987
113 TGA 0.00858390969699 0.183308663639
113 TGA 0.0133427130355 0.19831424644
114 TAA 0.0191398266691 0.3656028307
114 TAA 0.0203841592972 0.385486609359
114 TAA 0.0296804306864 0.403523867138
114 TAG 0.00926432795506 0.111169816898
114 TAG 0.0106817198213 0.114314759277
114 TAG 0.0113037022837 0.117581110822
114 TGA 0.0384454048305 0.293498616562
114 TGA 0.0423431393418 0.345375082188
114 TGA 0.0620774916605 0.358274452419
115 TAA 0.0153629699793 0.309181367613
115 TAA 0.0172009499236 0.322213389695
115 TAA 0.0237507615015 0.342182283073
115 TAG 0.0256329080351 0.198246334581
115 TAG 0.0288906244775 0.203568139901
115 TAG 0.0330713402998 0.206720463646
115 TGA 0.124768436606 0.745420524442
115 TGA 0.142489831397 0.818436936686
115 TGA 0.178807753557 0.826567175497
116 TAA 0.0337023386842 0.282358156983
116 TAA 0.0628007792833 0.290507542693
116 TAA 0.123791320616 0.318926919202
116 TAG 0.0802331943776 0.490641310496
116 TAG 0.0856146475382 0.51881691473
116 TAG 0.0976613630406 0.537363475339
116 TGA 0.0197636394462 0.348456523022
116 TGA 0.0211427582783 0.377053654109
116 TGA 0.02812330957 0.431537174036
117 TAA 0.026072447699 0.239783676416
117 TAA 0.0262972650191 0.25007170901
117 TAA 0.0399179625952 0.264146273743
117 TAG 0.0692944772331 0.364155982661
117 TAG 0.084713999451 0.373292280808
117 TAG 0.0901253740744 0.388160061132
117 TGA 0.0165786425425 0.171426281401
117 TGA 0.0176911702426 0.176953067592
117 TGA 0.0275074562353 0.19871457007
118 TAA 0.00737769783991 0.213157667065
118 TAA 0.00869196129453 0.222635984962
118 TAA 0.0117355758831 0.236338124446
118 TAG 0.0592630553858 0.501120407284
118 TAG 0.0689499198076 0.509481587876
118 TAG 0.117195735713 0.581291195387
118 TGA 0.00596759778433 0.158956105287
118 TGA 0.0060290993659 0.179764322912
118 TGA 0.0113099661569 0.179766400642
214 TAA 0.020155755848 0.569193348124
214 TAA 0.0337756124429 0.593708639462
214 TAA 0.049521431028 0.800418977206
214 TAG 0.19234552723 0.322478711928
214 TAG 0.256887480598 0.424135881684
214 TAG 0.270767875099 0.522633732751
214 TGA 0.0200185271272 0.333712148413
214 TGA 0.0269894702357 0.370832658268
214 TGA 0.0350790799187 0.424022500432
215 TAA 0.0482444297296 0.578916414912
215 TAA 0.0568448828153 0.648603814406
215 TAA 0.0609989392366 0.733918099806
215 TAG 0.0310501331905 0.458404733366
215 TAG 0.0487329879661 0.480501430055
215 TAG 0.0494900271967 0.559115246668
215 TGA 0.0279071112722 0.551446813416
215 TGA 0.0432334932748 0.602621423756
215 TGA 0.0444434934365 0.69880468277
216 TAA 0.00374057563786 0.0209969324963
216 TAA 0.00395628506295 0.0213161097396
216 TAA 0.00582665044035 0.0220377055014
216 TGA 0.0101730459346 0.193251796013
216 TGA 0.0111906422721 0.207054992432
216 TGA 0.0181487881844 0.224258400782
217 TAA 0.177706071672 0.302043650312
217 TAA 0.232020695036 0.363481635058
217 TAA 0.334302600167 0.663498665491
217 TAG 0.169464384968 0.521794925327
217 TAG 0.257107659021 0.593545513032
217 TAG 0.489478639641 0.669026790967
218 TAA 0.0129398211509 0.356407449225
218 TAA 0.0201772229627 0.420453857627
218 TAA 0.0214265595823 0.454032290635
218 TAG 0.0281612431652 0.524461590113
218 TAG 0.0311624711406 0.551711977843
218 TAG 0.0348471143646 0.589186604509
218 TGA 0.106554520373 1.16709847221
218 TGA 0.112218624879 1.19618425756
218 TGA 0.120298980079 1.29623022905
219 TAA 0.0335500891331 0.507282291955
219 TAA 0.0405583965186 0.621788013792
219 TAA 0.0481159630946 0.64237545523
219 TAG 0.746708657578 1.43084082875
219 TAG 1.00500581715 1.82186651723
219 TAG 1.94759051709 2.02786208559
219 TGA 0.0448893947074 0.580878755179
219 TGA 0.0450041489161 0.645460608232
219 TGA 0.0574300733736 0.677836054866
220 TAA 0.0240234993476 0.413868860264
220 TAA 0.0299759892243 0.4621112083
220 TAA 0.0332323889262 0.477455676726
220 TGA 0.0251466461449 0.319704198474
220 TGA 0.0298315919887 0.367896035034
220 TGA 0.0308218736439 0.382762615843
221 TAG 0.105460475989 1.06561459847
221 TAG 0.114564148064 1.61250184862
221 TAG 0.251318995001 2.5308828691
222 TAA 0.0280450374452 0.558095084996
222 TAA 0.0308953677023 0.562285015941
222 TAA 0.0345878939332 0.584909077457
222 TAG 0.0179744322011 0.320059759167
222 TAG 0.0192227450631 0.325524074802
222 TAG 0.0210805226156 0.332549521728
222 TGA 0.0511316067121 1.02166811803
222 TGA 0.116204663515 1.31827002982
222 TGA 0.120968355099 1.64626223688
223 TAA 0.0291255884774 0.538183309661
223 TAA 0.0354707374997 0.546858513758
223 TAA 0.0392406550398 0.553942735963
223 TAG 0.0953616047462 0.604024428302
223 TAG 0.111290886691 0.678502178643
223 TAG 0.137005801334 0.880174420613
223 TGA 0.141153521145 0.582799549953
223 TGA 0.153338739043 0.84181337008
223 TGA 0.167213579534 1.03526518205
224 TAG 0.0316832496347 0.560746622193
224 TAG 0.0339675952559 0.593327022464
224 TAG 0.0346531469693 0.632475101978
225 TAA 0.0255566073296 0.37627498988
225 TAA 0.0257402948167 0.437337495906
225 TAA 0.0356582530911 0.457302508257
225 TAG 0.0320587887045 0.42918048735
225 TAG 0.0329315920676 0.473442103017
225 TAG 0.0360008804053 0.505418232854
225 TGA 0.0828910699413 0.125116864933
225 TGA 0.0970714152192 0.142459655015
225 TGA 0.130024127207 0.197828628134
226 TAA 0.0280602754652 0.34871794756
226 TAA 0.0306923755326 0.349298223925
226 TAA 0.0458401774694 0.366171961737
227 TAA 0.0242720652677 0.0742376300156
227 TAA 0.0373341890278 0.113444616344
227 TAA 0.053314394952 0.134313551254
227 TAG 0.0199465365339 0.329679216941
227 TAG 0.0220223659836 0.372072415727
227 TAG 0.0255492763384 0.401145258676
228 TAA 0.0279318346037 0.45959272388
228 TAA 0.030767368223 0.545504365791
228 TAA 0.0328835299492 0.577059178512
228 TAG 0.0308556408308 0.106162252805
228 TAG 0.0400645060447 0.136613262785
228 TAG 0.0443505402906 0.137822482743
229 TAA 0.190043533434 1.54588439946
229 TAA 0.197265316718 1.61984986232
229 TAA 0.197819286819 1.63950957645
229 TAG 0.0217823408024 0.890666035688
229 TAG 0.0361077207776 0.950948449587
229 TAG 0.0375620157586 1.00685312555
229 TGA 0.0273980275823 0.323690848679
229 TGA 0.0296132919071 0.372330627798
229 TGA 0.033295639258 0.38098368477
230 TAG 0.0604573608117 0.362108661366
230 TAG 0.0879081334155 0.434599220561
230 TAG 0.114805590788 0.509467544293
230 TGA 0.00524391630879 0.035285412059
230 TGA 0.0188208338284 0.0399156983431
230 TGA 0.0292388419605 0.0467161029392
231 TAG 0.0431456030122 0.758269922223
231 TAG 0.0460154989521 1.00802984956
231 TAG 0.0562025333585 1.17440263293
232 TAA 0.0118832338319 0.0959042636468
232 TAA 0.0144493778151 0.104884890759
232 TAA 0.0147706816803 0.117708983272
232 TGA 0.0261582174728 0.382180505787
232 TGA 0.0270268566278 0.463293223817
232 TGA 0.0297205718585 0.47757334704
233 TAA 0.0300929123332 0.430050999626
233 TAA 0.0317912620762 0.442664668295
233 TAA 0.0510328925935 0.500030275389
233 TAG 30.3656906552 217.499712
233 TAG 48.565561889 309.557630525
233 TAG 71.5909023209 315.349879227
234 TAG 0.0662501315341 0.524883741334
234 TAG 0.069652278858 0.52917838387
234 TAG 0.0711504293666 0.532677471618
234 TGA 0.0412382321103 0.368988425104
234 TGA 0.0448146741592 0.395902704095
234 TGA 0.0484745502098 0.45084215841
235 TAA 0.0330215530314 0.437153179852
235 TAA 0.0345429559039 0.508905226887
235 TAA 0.0372592765162 0.522291398953
235 TAG 0.0266237153728 0.471410229033
235 TAG 0.0282494653451 0.504969701761
235 TAG 0.0329083985609 0.529413408064
235 TGA 0.0780435290872 1.20030884467
235 TGA 0.0929051879658 1.3401312862
235 TGA 0.100751354412 1.38109770654
236 TAA 0.140484684118 3.70050187655
236 TAA 0.297134891099 3.98431611148
236 TAA 0.628255005512 6.96512441997
236 TAG 0.80901494665 1.16303162972
236 TAG 0.886568843243 1.88709879878
236 TAG 1.31748770273 1.99516689636
237 TAA 0.0551954179861 0.421192964499
237 TAA 0.0630091991068 0.513831722486
237 TAA 0.0884899529272 0.565015799253
237 TAG 0.0180069258854 0.231575477684
237 TAG 0.019412956532 0.260244719341
237 TAG 0.0232248069076 0.267507781928
237 TGA 0.0313641233015 0.505280071721
237 TGA 0.0421191720823 0.528474327853
237 TGA 0.0625100948562 0.677532786384
238 TAG 0.0282783014293 0.433375159554
238 TAG 0.0299357751145 0.461843302706
238 TAG 0.030230497402 0.463606491176
238 TGA 0.0672302545562 0.773255209348
238 TGA 0.0885040175307 0.81979326642
238 TGA 0.0937033568336 0.850391345964
239 TAA 0.0759261576203 0.65039893755
239 TAA 0.0929980451085 0.711522308783
239 TAA 0.101424784564 0.720313544859
239 TAG 0.0259859507442 0.359127427971
239 TAG 0.0300586379456 0.503899953579
239 TAG 0.0453828505076 0.521916583996
239 TGA 0.0587417292474 0.766303158251
239 TGA 0.0620037913204 0.788644449466
239 TGA 0.0657103651326 0.844087641342
240 TAA 0.0242140125489 0.336393168033
240 TAA 0.0244382242418 0.361443338223
240 TAA 0.0247397529568 0.364835346514
240 TAG 0.0233698795849 0.320442368575
240 TAG 0.0333075396515 0.384284546334
240 TAG 0.0439019300699 0.409932801198
240 TGA 1.09305504199 1.13159874015
240 TGA 1.0960597828 1.14643207961
240 TGA 1.11388775269 1.14840397656
241 TAA 0.0220658798323 0.315197864624
241 TAA 0.0230995510855 0.32923859011
241 TAA 0.0256550068202 0.332079191781
241 TAG 0.066120398473 0.627404022573
241 TAG 0.0680421578074 0.658483164845
241 TAG 0.0681589521175 0.664057737178
241 TGA 0.0298419208019 0.496769664831
241 TGA 0.048545617083 0.542283810222
241 TGA 0.054263822577 0.557255150027
242 TAA 0.0227758658533 0.349676568053
242 TAA 0.023425769845 0.366211566686
242 TAA 0.024087908883 0.376580493403
242 TAG 0.0302123413975 0.315356047255
242 TAG 0.0318551770868 0.460076037648
242 TAG 0.0421569104174 0.55424791849
242 TGA 0.0288500501468 0.402621446968
242 TGA 0.0326291494574 0.421948175694
242 TGA 0.0326346093725 0.422079042239
243 TAA 0.0312392497898 0.485852426474
243 TAA 0.0352120189764 0.51034224983
243 TAA 0.0392763487628 0.527181831673
243 TAG 0.0259348245363 0.320750496359
243 TAG 0.0265174826979 0.323018400071
243 TAG 0.0294858581661 0.330637028319
243 TGA 0.0266909738894 0.48766640644
243 TGA 0.0300526056389 0.496397155563
243 TGA 0.0333074716693 0.529243791452
244 TAA 0.285092585092 1.39905128314
244 TAA 0.947326001234 2.39985236869
244 TAA 1.16048571721 4.04476492911
244 TAG 0.0415300657018 0.542334913279
244 TAG 0.0464973792743 0.590599077161
244 TAG 0.0472081744281 0.596120442072
244 TGA 0.181398420585 0.651896597554
244 TGA 0.206863097002 0.68026197643
244 TGA 0.265342576698 0.839401056571
245 TAA 0.0496654021695 0.417264168864
245 TAA 0.0522672339445 0.440161261967
245 TAA 0.0528287764393 0.448246121358
245 TAG 0.0305876424667 0.246531803093
245 TAG 0.0312642759047 0.406111062215
245 TAG 0.0776237024421 0.431214436584
245 TGA 0.0238102044834 0.203106898651
245 TGA 0.0249319839253 0.2267749505
245 TGA 0.027062005356 0.230078554582
246 TAA 0.0269145906439 0.524392766484
246 TAA 0.0283175619759 0.560187516763
246 TAA 0.0336782772766 0.599447667923
246 TAG 0.0459209846487 0.463185481582
246 TAG 0.0460703357056 0.489997886845
246 TAG 0.049805974502 0.538099107586
246 TGA 0.0224597895541 0.332870755879
246 TGA 0.0241651304816 0.346432846558
246 TGA 0.0276971291062 0.34702179198
247 TAA 2.30465150012 32.9211431537
247 TAA 2.39917038913 33.1108403394
247 TAA 2.90453338064 34.5300795617
247 TAG 0.0166356407527 0.259241746289
247 TAG 0.0182745307799 0.265527749925
247 TAG 0.0190035468661 0.276534832454
247 TGA 0.054146794045 0.435752042363
247 TGA 0.0773623855863 0.439129115748
247 TGA 0.087211585107 0.481752929951
248 TAA 0.0228715545658 0.426486915543
248 TAA 0.0248985971802 0.445380061581
248 TAA 0.0325549321696 0.460127926116
248 TAG 0.0288550511476 0.563877569212
248 TAG 0.0436548020922 0.661437627556
248 TAG 0.0823987704989 0.751018573451
248 TGA 0.0334482796325 0.411074165451
248 TGA 0.0344794379017 0.414667582989
248 TGA 0.0360886858668 0.42691200738
249 TAA 0.359756507021 1.97744598473
249 TAA 0.366253469381 2.04243563662
249 TAA 0.489520453069 2.1665807534
249 TAG 0.02126452533 0.313040015231
249 TAG 0.0224307480862 0.33438789294
249 TAG 0.0374287771907 0.354697115333
249 TGA 0.06182724987 0.667743783158
249 TGA 0.110865711469 0.752301139778
249 TGA 0.115810950957 0.811558991816
250 TAA 0.100194850506 0.613576827612
250 TAA 0.108073476083 0.650417604268
250 TAA 0.110165630664 0.698593487578
250 TAG 0.0724911826758 1.04204116009
250 TAG 0.0809131496156 1.14202235247
250 TAG 0.132631561225 1.51032852808
250 TGA 0.829640088242 4.18620064352
250 TGA 1.01880356954 4.30683363666
250 TGA 1.11974526164 4.88013151441
251 TAA 0.0248181013087 0.561520761274
251 TAA 0.0304470627227 0.590004539672
251 TAA 0.0316926237897 0.62226251562
251 TAG 0.0375888122742 0.548581481284
251 TAG 0.0384620504127 0.599996256568
251 TAG 0.0409065176467 0.605306677988
251 TGA 0.0964193198041 0.449903323404
251 TGA 0.115397422084 0.454309662734
251 TGA 0.11997052339 0.461817599007
252 TAA 0.0293306704229 0.470735095043
252 TAA 0.0328157889979 0.512090078684
252 TAA 0.0438783912822 0.575339721669
252 TAG 0.0249355609927 0.522684165556
252 TAG 0.0302713184386 0.585331376754
252 TAG 0.0302766410511 0.590572365512
252 TGA 0.0971486536991 1.31883779265
252 TGA 0.098789217629 1.34727694614
252 TGA 0.110558242269 1.37380780751
253 TAA 0.0888727003341 1.41273884831
253 TAA 0.0996953347838 1.58488126532
253 TAA 0.106132977962 1.60610741961
253 TAG 0.0638917412451 0.422164466628
253 TAG 0.066136026265 0.42439120844
253 TAG 0.0733306392633 0.430475515854
253 TGA 0.0106145043503 0.099743467809
253 TGA 0.0150969355307 0.104647754275
253 TGA 0.0189472323267 0.112567216126
254 TAA 0.0268902687078 0.462493636861
254 TAA 0.030568701995 0.468400373146
254 TAA 0.0315696211887 0.508325595284
254 TAG 0.0439764855728 0.583629982518
254 TAG 0.0604077934752 0.600304970963
254 TAG 0.0701072085277 0.649646091681
254 TGA 0.0385539596822 0.575301672933
254 TGA 0.0389725845912 0.619458792273
254 TGA 0.0594593308229 0.677747939427
255 TAA 0.02335400873 0.336803687624
255 TAA 0.0239412038349 0.356819556779
255 TAA 0.0253887886995 0.359212061927
255 TAG 0.0646443738882 0.578788458364
255 TAG 0.0684180924914 0.584904961813
255 TAG 0.0761664944143 0.630805357176
255 TGA 0.0283203421954 0.419087255779
255 TGA 0.031169223597 0.42849964448
255 TGA 0.0317541131703 0.436624401981
256 TAA 0.0430089995061 0.639720468724
256 TAA 0.0443731132177 0.655712433858
256 TAA 0.045088416149 0.673935962728
256 TAG 0.0606043385384 0.754292980826
256 TAG 0.0608700067265 0.784521990429
256 TAG 0.066940111659 0.847610861479
256 TGA 0.0348623933064 0.528575404064
256 TGA 0.0352401392677 0.56244902808
256 TGA 0.0438540294626 0.586989550506
257 TAA 0.0209228666821 0.458349334471
257 TAA 0.020948531235 0.464783038902
257 TAA 0.0217523438213 0.497327847556
257 TAG 0.121513313471 1.32116116225
257 TAG 0.133954850123 1.38100441927
257 TAG 0.157564436611 1.4623718219
257 TGA 0.0245651285365 0.407039213
257 TGA 0.025344370747 0.416557418633
257 TGA 0.0370286267747 0.439576527579
258 TAG 0.262207310884 0.745514372535
258 TAG 0.277682731241 0.845882663567
258 TAG 0.301115628885 0.881111436197
258 TGA 0.0492376708544 0.36691210368
258 TGA 0.0535165915465 0.384610549739
258 TGA 0.0627556878182 0.390356549718
259 TAA 0.0202382288483 0.338772140837
259 TAA 0.0209958179613 0.376036355785
259 TAA 0.0216168946041 0.381964982379
259 TAG 0.0284969332678 0.429812261992
259 TAG 0.0299771587889 0.440602391017
259 TAG 0.0302386903162 0.449701944266
259 TGA 0.651360235029 12.6937250831
259 TGA 0.930179829265 15.6240219617
259 TGA 0.934617435798 17.8535434793
260 TAA 0.03429060549 0.524829811386
260 TAA 0.0386866249803 0.551689733498
260 TAA 0.0415594510364 0.611175462672
260 TAG 0.0252067655613 0.447833361677
260 TAG 0.025883002016 0.472567665676
260 TAG 0.0276992753649 0.479116182388
260 TGA 0.210494069969 1.83674036424
260 TGA 0.278724771217 2.26919095867
260 TGA 0.370345019406 2.51658396115
261 TAA 0.0021706728771 0.0081553557746
261 TAA 0.00258864148102 0.00901360568651
261 TAA 0.00309497088014 0.0105653344777
261 TAG 0.0403421470798 0.354573756203
261 TAG 0.0445964412572 0.369388799869
261 TAG 0.0457131574351 0.374756955793
261 TGA 0.113321625667 1.64217990066
261 TGA 0.118133831038 1.80280748479
261 TGA 0.147200220018 1.81082829503
262 TAA 0.0328863616428 0.513820960156
262 TAA 0.0377049681483 0.544441329016
262 TAA 0.0384942841059 0.564732885129
262 TAG 0.284586825866 1.28185151279
262 TAG 0.454431342555 1.31170086572
262 TAG 0.486482939381 1.46292554139
262 TGA 0.0234716910062 0.028592126279
262 TGA 0.0247934637031 0.0320598598242
262 TGA 0.028335670975 0.0338134070988
263 TAA 0.0132568001911 0.433341110626
263 TAA 0.0366835074714 0.441526632185
263 TAA 0.0450406688253 0.513523944501
263 TAG 0.0258079790412 0.329578312163
263 TAG 0.028143774138 0.338818570837
263 TAG 0.02845438918 0.346270081744
263 TGA 0.0691195571195 0.454764754213
263 TGA 0.072969952926 0.61977805293
263 TGA 0.0859971047465 0.701997195658
264 TAA 0.0229980222892 0.299383598571
264 TAA 0.0262902164488 0.319770814726
264 TAA 0.0266722863733 0.326714796605
264 TAG 0.0296075033336 0.471199128275
264 TAG 0.0310241730249 0.488377542929
264 TAG 0.034591868658 0.498028657204
264 TGA 0.412802578335 2.89867269107
264 TGA 0.420731063642 3.0161728778
264 TGA 0.457246619987 3.26014372407
265 TAA 0.0593923454299 0.186694372927
265 TAA 0.0678281387646 0.271364380692
265 TAA 0.0798198323404 0.939608812075
265 TAG 0.0364510572063 0.493441323928
265 TAG 0.0367271003556 0.505791489798
265 TAG 0.0420365822654 0.538340502582
265 TGA 0.0243508734128 0.457292665646
265 TGA 0.0269151938201 0.502103213642
265 TGA 0.0284529115308 0.507845883244
266 TAA 0.0251976038483 0.297916674515
266 TAA 0.0261378541939 0.338011960826
266 TAA 0.0341131780848 0.440041850028
266 TGA 0.0254772381523 0.383246001117
266 TGA 0.0323417400024 0.436654647033
266 TGA 0.0535324587685 0.478819690486
267 TAA 0.0357840844822 0.4807353044
267 TAA 0.0534548597048 0.570874904225
267 TAA 0.0811752938264 0.643100347149
267 TAG 0.308122873145 0.574195878603
267 TAG 0.363119436758 0.872628845298
267 TAG 1.03908977344 0.914544458096
267 TGA 0.0624881104576 0.464623794479
267 TGA 0.0727930428484 0.466207913332
267 TGA 0.0781963088095 0.562761464496
268 TAA 0.542395754079 1.45295270293
268 TAA 0.549679978673 1.52465457583
268 TAA 0.566577854651 1.57637266288
268 TAG 0.0192457248853 0.319055478705
268 TAG 0.0206550194765 0.341637222838
268 TAG 0.021250959512 0.34952518975
268 TGA 0.119591652075 0.339109573836
268 TGA 0.210651743429 0.754988239136
268 TGA 0.275390663879 0.762563930531
269 TAA 0.0658191762648 0.435713800542
269 TAA 0.0908549284187 0.473490361739
269 TAA 0.16255166122 0.577998500315
269 TAG 0.0997593922351 0.65963052577
269 TAG 0.118567593654 0.691159929396
269 TAG 0.125450429793 0.708429083583
269 TGA 0.244755054315 1.40635100222
269 TGA 0.356534901778 1.5469592013
269 TGA 0.547750886479 1.83700896302
270 TAG 0.370083093605 12.5679141124
270 TAG 0.870550572334 4.04251486703
270 TAG 1.41407084702 8.67992930417
434 TAA 0.115648504254 0.611606587412
434 TAA 0.118447618783 0.592480427782
434 TAA 0.128486806998 0.578797915273
434 TAG 0.123595013562 0.718874096441
434 TAG 0.130940789969 0.70203808076
434 TAG 0.133827452264 0.720116817762
434 TGA 0.0784718458821 0.46327790315
434 TGA 0.0789365890268 0.448146464523
434 TGA 0.0834277048854 0.463015751249
435 TAA 0.247367001849 1.04056634391
435 TAA 0.267372724367 0.907934818695
435 TAA 0.282498835827 0.967769151246
435 TAG 0.135115019581 0.747873991448
435 TAG 0.139825553036 0.726330712042
435 TAG 0.151859883715 0.754562210816
435 TGA 0.150405815244 0.732990214609
435 TGA 0.152221807597 0.745804629565
435 TGA 0.161559231424 0.755057250654
436 TAA 0.100531618549 0.613138285557
436 TAA 0.107954065272 0.617411255203
436 TAA 0.108585870998 0.645164587953
436 TAG 0.155897583338 0.706284710531
436 TAG 0.161806698758 0.788173093272
436 TAG 0.163080977873 0.76946791928
436 TGA 0.146123309673 0.70088397559
436 TGA 0.150594399185 0.745012506517
436 TGA 0.153835257644 0.724382521535
437 TAA 0.203188389829 1.03601015025
437 TAA 0.213583572045 0.973704475371
437 TAA 0.215217502157 0.99187504257
437 TAG 0.141175103856 0.709117788576
437 TAG 0.144765183686 0.680729934052
437 TAG 0.147823150158 0.698028400248
437 TGA 0.16223473814 0.722541765263
437 TGA 0.167427639501 0.742174960374
437 TGA 0.168039112704 0.74751537944
438 TAA 0.203332773123 0.739074509646
438 TAA 0.217521656223 0.752157105998
438 TAA 0.222137055332 0.80697384862
438 TAG 0.12316323464 0.669113374962
438 TAG 0.128775101542 0.648585240052
438 TAG 0.130925613531 0.63985633823
438 TGA 0.177131716898 0.758873615081
438 TGA 0.184126585894 0.746795213329
438 TGA 0.20067534439 0.739628846189
439 TAA 0.00170305288124 0.003696313268
439 TAA 0.00178134860624 0.00361499239606
439 TAA 0.00190229852542 0.00360490247394
439 TAG 0.0667158114597 0.322319022885
439 TAG 0.0726524203897 0.344310903543
439 TAG 0.0745707815772 0.311164175115
439 TGA 0.101616354156 0.423784708278
439 TGA 0.106448135601 0.459496610744
439 TGA 0.11050724683 0.447078470361
440 TAA 0.131380222867 0.73508277379
440 TAA 0.142628740054 0.714645116575
440 TAA 0.146126766811 0.667490984374
440 TAG 0.0458108649182 0.341307214156
440 TAG 0.0474200504246 0.366544699843
440 TAG 0.0531496768767 0.353562351646
440 TGA 0.119578137291 0.669791895983
440 TGA 0.121109390357 0.675212770171
440 TGA 0.125417685655 0.649008148393
441 TAA 0.158016733249 0.707015989179
441 TAA 0.185486858489 0.730267595537
441 TAA 0.200456942511 0.714700895973
441 TAG 0.12339006339 0.669643973857
441 TAG 0.14102732418 0.703022999355
441 TAG 0.142403271862 0.740640512727
441 TGA 0.152852609951 0.877746799628
441 TGA 0.182728323868 0.86924837162
441 TGA 0.189358694966 0.843396258962
442 TAA 0.131185453745 0.611103443368
442 TAA 0.143386752851 0.627066891725
442 TAA 0.145361649869 0.651582671776
442 TAG 0.114356924764 0.590949171658
442 TAG 0.11952243971 0.616140991283
442 TAG 0.120892773473 0.603703545978
442 TGA 0.140137500172 0.755566532765
442 TGA 0.157959716515 0.761879994449
442 TGA 0.161492234433 0.790173263286
443 TAA 0.124412313882 0.701318703371
443 TAA 0.127669949943 0.708337353515
443 TAA 0.131029917747 0.701940962848
443 TAG 0.110577027054 0.595398120118
443 TAG 0.111391475742 0.584280822232
443 TAG 0.123674000637 0.645827091476
443 TGA 0.161008323061 0.940975283014
443 TGA 0.177078227802 0.935250553296
443 TGA 0.184230499268 0.874916695386
444 TAA 0.13683776172 0.760801265873
444 TAA 0.156976515941 0.776731661603
444 TAA 0.159269032347 0.779273533712
444 TAG 0.176867011325 0.830155529997
444 TAG 0.178632306362 0.826170330637
444 TAG 0.186090674222 0.835371737274
444 TGA 0.136060345203 0.743719828789
444 TGA 0.150270455318 0.751218936402
444 TGA 0.153728392508 0.787986931969
445 TAA 0.124637583822 0.68823959162
445 TAA 0.137806305863 0.69053065408
445 TAA 0.143391423038 0.734279020292
445 TAG 0.126285749231 0.717994811898
445 TAG 0.139042681884 0.703810037451
445 TAG 0.148047124351 0.757073728836
445 TGA 0.108202778618 0.673166085455
445 TGA 0.118402082607 0.658146686229
445 TGA 0.124374014928 0.560325465691
446 TAA 0.127494981162 0.677541844715
446 TAA 0.130741389514 0.692345644674
446 TAA 0.133116632064 0.686384998674
446 TAG 0.18798554734 0.749790759853
446 TAG 0.188806716949 0.80050221589
446 TAG 0.200104190775 0.871440993463
446 TGA 0.100333006231 0.655127296026
446 TGA 0.106826654217 0.631944598627
446 TGA 0.109409693514 0.58886819905
447 TAA 0.0949239714868 0.568365777978
447 TAA 0.0960128617796 0.569491749418
447 TAA 0.101219406124 0.552485529865
447 TAG 0.100964096631 0.625349260108
447 TAG 0.101553814942 0.635413143683
447 TAG 0.103364856455 0.609343358797
447 TGA 0.137382673259 0.660583216628
447 TGA 0.141280640875 0.663693341779
447 TGA 0.141304297902 0.665587261657
448 TAA 0.0465417007842 0.246703966044
448 TAA 0.0502127722429 0.249307630544
448 TAA 0.0536121586429 0.241863200743
448 TAG 0.101342359458 0.618462848492
448 TAG 0.107244600262 0.635141706656
448 TAG 0.117062050759 0.616470251402
448 TGA 0.135797273127 0.530479022899
448 TGA 0.13626246331 0.515707307756
448 TGA 0.142918675113 0.499082010881
449 TAA 0.248765640147 1.20837062606
449 TAA 0.267627849944 1.21275916949
449 TAA 0.279939497733 1.17191433059
449 TAG 0.0939981086901 0.578106804244
449 TAG 0.0990879841103 0.584101793882
449 TAG 0.110713139203 0.553325851265
449 TGA 0.100009411191 0.547152220148
449 TGA 0.101777670453 0.57726962806
449 TGA 0.108738382525 0.530232544123
450 TAA 0.203017954114 0.721664224711
450 TAA 0.208581550086 0.771503592333
450 TAA 0.212646517613 0.754013165579
450 TAG 0.112747845305 0.708236573479
450 TAG 0.119949778773 0.714216751707
450 TAG 0.120965666287 0.714790250924
450 TGA 0.101208593384 0.706216292426
450 TGA 0.113061217513 0.676855101529
450 TGA 0.118152772173 0.698636071009
451 TAA 0.033185578283 0.154161445431
451 TAA 0.033772696712 0.144825121942
451 TAA 0.0347280052098 0.145886458859
451 TAG 0.13497508181 0.733593246419
451 TAG 0.137139153932 0.738263186797
451 TAG 0.143430694511 0.721125598866
451 TGA 0.0941724012259 0.521570559255
451 TGA 0.100255956232 0.523266998497
451 TGA 0.102500294001 0.506379323512
452 TAA 0.106552779653 0.663674883171
452 TAA 0.108272343812 0.728744671425
452 TAA 0.114299000231 0.664168651043
452 TAG 0.140630760671 0.693476173831
452 TAG 0.142626336758 0.693402460568
452 TAG 0.143965524544 0.702244031128
452 TGA 0.14973503223 0.636582315342
452 TGA 0.15804439901 0.697207080785
452 TGA 0.166761590315 0.612520505171
453 TAA 0.154071768746 0.771050274292
453 TAA 0.179574056156 0.832113805103
453 TAA 0.180984807819 0.842060597093
453 TAG 0.148645652284 0.764064171471
453 TAG 0.160647189093 0.787894029615
453 TAG 0.165949028532 0.701535562651
453 TGA 0.234464566856 1.07541756925
453 TGA 0.24669498606 1.08021697477
453 TGA 0.260101617266 1.09455439988
454 TAA 0.14085487206 0.89642126523
454 TAA 0.150391232784 0.905521110956
454 TAA 0.152380010284 0.888711231608
454 TAG 0.127492116204 0.678911820553
454 TAG 0.128130388537 0.68715945179
454 TAG 0.132174928538 0.662223087668
454 TGA 0.130958225648 0.745467497244
454 TGA 0.13862477216 0.763797909064
454 TGA 0.143080018841 0.745327587294
455 TAA 0.0943341856807 0.659503962824
455 TAA 0.102409633496 0.68739802641
455 TAA 0.104339356363 0.622524907112
455 TAG 0.138674476764 0.679363925389
455 TAG 0.145118994121 0.681803856954
455 TAG 0.159605007096 0.652945143764
455 TGA 0.11811424106 0.688428652401
455 TGA 0.119238825894 0.669974892905
455 TGA 0.128003401946 0.659852407291
456 TAA 0.136503546614 0.775887947306
456 TAA 0.144145513693 0.809522187541
456 TAA 0.149575450557 0.78176368072
456 TAG 0.0962648496137 0.568609923933
456 TAG 0.0989876813454 0.531233751813
456 TAG 0.103686965201 0.537156336709
456 TGA 0.135447260072 0.743043466122
456 TGA 0.136135345316 0.75830073237
456 TGA 0.139801135694 0.764794837003
457 TAA 0.117837270684 0.635630035502
457 TAA 0.120071715889 0.600092436883
457 TAA 0.125402212063 0.606985172161
457 TAG 0.115044901928 0.665703220352
457 TAG 0.116173773828 0.666450492036
457 TAG 0.120227148207 0.65276920787
457 TGA 0.138750886877 0.73752184964
457 TGA 0.140455952794 0.757536780312
457 TGA 0.147084735043 0.725902102894
458 TAA 0.130179093298 0.679551412953
458 TAA 0.133612686056 0.668773724482
458 TAA 0.143908647093 0.694284948444
458 TAG 0.150749787114 0.786300855237
458 TAG 0.173035670619 0.809945999054
458 TAG 0.175775343197 0.823755013413
458 TGA 0.137125995413 0.772330736208
458 TGA 0.141996667453 0.739947074736
458 TGA 0.147210859663 0.786259510095
459 TAA 0.127092646098 0.688386033438
459 TAA 0.12966785185 0.668528255875
459 TAA 0.130555946636 0.662704001438
459 TAG 0.114650998167 0.618182836605
459 TAG 0.11526720199 0.596521693804
459 TAG 0.120387247217 0.578212753492
459 TGA 0.295070372166 1.31049519132
459 TGA 0.308134884886 1.38298592902
459 TGA 0.310812841286 1.33796965991
460 TAA 0.0202372015955 0.151133289125
460 TAA 0.0205327893957 0.146286585219
460 TAA 0.023777720359 0.146012388427
460 TAG 0.100665332886 0.591968669271
460 TAG 0.104901342895 0.612024454369
460 TAG 0.10537780168 0.590842740763
460 TGA 0.0129673468441 0.0824337537936
460 TGA 0.0130492709013 0.0835281344749
460 TGA 0.0137639451413 0.0864110506872
537 TAA 0.0296888842082 0.230174982004
537 TAA 0.0319356203427 0.217538181728
537 TAA 0.0367289201811 0.226330774809
537 TAG 0.0252926697115 0.247487999733
537 TAG 0.0256020782727 0.242009805891
537 TAG 0.0322558106043 0.261723958341
537 TGA 0.0166503769379 0.216679690716
537 TGA 0.0194457635674 0.204255030283
537 TGA 0.0215344358533 0.212474868774
538 TAA 0.0167419730296 0.241159328626
538 TAA 0.020723810241 0.245602382308
538 TAA 0.0238380533165 0.250959046604
538 TAG 0.025391323429 0.236223393418
538 TAG 0.0293094189466 0.223038253415
538 TAG 0.035340660754 0.226976938119
538 TGA 0.0242067143888 0.248853152616
538 TGA 0.0250158044775 0.282144320663
538 TGA 0.0297005500336 0.263760500138
539 TAA 0.0162054376565 0.19522761643
539 TAA 0.0175006998773 0.198789266849
539 TAA 0.0236068998057 0.180161778572
539 TAG 0.0105003306465 0.183637101589
539 TAG 0.0107744878823 0.180827219471
539 TAG 0.0161137334497 0.16180874697
539 TGA 0.0196177196998 0.262057930728
539 TGA 0.0230389745477 0.250076723312
539 TGA 0.0291922647958 0.230784081349
540 TAA 0.02352482661 0.212698488098
540 TAA 0.0254612627768 0.196523343352
540 TAA 0.0296975522912 0.195598620087
540 TAG 0.0269424141496 0.284652638554
540 TAG 0.0291971451666 0.286296401451
540 TAG 0.0359469143 0.285995903722
540 TGA 0.0520293981741 0.258576805668
540 TGA 0.0522555687012 0.250079991951
540 TGA 0.0532100277998 0.275175136803
541 TAA 0.0195076355364 0.220475021443
541 TAA 0.020384508941 0.205391119825
541 TAA 0.0240088742867 0.20867592098
541 TAG 0.0178492245628 0.287735667693
541 TAG 0.0217699099339 0.281510937061
541 TAG 0.0258749886278 0.246366262557
541 TGA 0.0266276383349 0.311724487473
541 TGA 0.0295937760565 0.302276457252
541 TGA 0.0340974601915 0.26996936213
542 TAA 0.0229464590594 0.262649736742
542 TAA 0.025456257285 0.24831103252
542 TAA 0.0310852691636 0.261534158779
542 TAG 0.0217041078514 0.208489449165
542 TAG 0.0236025287572 0.233138586562
542 TAG 0.025450147902 0.19867894441
542 TGA 0.0495859306937 0.236796738592
542 TGA 0.0534735986643 0.23421517739
542 TGA 0.0546239400212 0.237674287757
543 TAA 0.0183992097372 0.203173288279
543 TAA 0.0207365659608 0.194514424708
543 TAA 0.0237111958775 0.181941533795
543 TAG 0.0181422964358 0.206195705775
543 TAG 0.0182188856627 0.20438617065
543 TAG 0.0214300957919 0.201390605489
543 TGA 0.0239370286004 0.238354067698
543 TGA 0.0267432160208 0.232228464634
543 TGA 0.0293809732166 0.223185421308
544 TAA 0.0244418605572 0.282334477412
544 TAA 0.0256590198822 0.258172054678
544 TAA 0.031326050594 0.265203215251
544 TAG 0.0292123318147 0.252403235245
544 TAG 0.0311883680972 0.239135329221
544 TAG 0.0367113986475 0.230254844298
544 TGA 0.127044003205 0.302620416296
544 TGA 0.129191199406 0.31559255941
544 TGA 0.140245882539 0.324923158113
545 TAA 0.0203452078184 0.300626047261
545 TAA 0.0208326280175 0.288589581062
545 TAA 0.0241335392541 0.277324140866
545 TAG 0.0204291636287 0.249024607122
545 TAG 0.0232693935763 0.227029937079
545 TAG 0.0289747947989 0.219542419877
545 TGA 0.0209227435837 0.212181550024
545 TGA 0.0220394073804 0.227427957269
545 TGA 0.0266113105773 0.242946594291
546 TAA 0.0232045492855 0.293628571813
546 TAA 0.0253957810524 0.276357296284
546 TAA 0.0289883491981 0.279130641315
546 TAG 0.0230504097027 0.229071512453
546 TAG 0.0241561610492 0.20859524644
546 TAG 0.0276599495788 0.192931778569
546 TGA 0.0306712816453 0.263065904287
546 TGA 0.0339752875801 0.257837992777
546 TGA 0.0376101078611 0.265707859928
547 TAA 0.0195675731528 0.245632759373
547 TAA 0.0214067881495 0.230860680294
547 TAA 0.0215319146206 0.214267065537
547 TAG 0.0302951339104 0.294807825024
547 TAG 0.0316321923561 0.257964822777
547 TAG 0.0331763451135 0.289283855153
547 TGA 0.0614916233779 0.296313323143
547 TGA 0.0621331104329 0.324212110418
547 TGA 0.0635709116451 0.323346341176
548 TAA 0.0252144438608 0.224221989755
548 TAA 0.0258234790401 0.244072684238
548 TAA 0.0266881768768 0.253854748424
548 TAG 0.0305289790314 0.282004952472
548 TAG 0.0322103965466 0.262749588811
548 TAG 0.033904756637 0.249957596564
548 TGA 0.0317461754021 0.197032172272
548 TGA 0.031776112967 0.23233966875
548 TGA 0.0321100023834 0.223767049598
549 TAA 0.0243731699252 0.297611997482
549 TAA 0.025200995466 0.2752762669
549 TAA 0.0292662163284 0.310210141339
549 TGA 0.0219254088435 0.309525930457
549 TGA 0.0219829737507 0.297316595936
549 TGA 0.0270774922203 0.303045865085
550 TAA 0.0284393432674 0.351698461405
550 TAA 0.0289840718377 0.321043182374
550 TAA 0.0315936662993 0.357274739132
550 TAG 0.0347763398789 0.28161174943
550 TAG 0.036288732034 0.304520808396
550 TAG 0.0386961493495 0.312836795629
550 TGA 0.0372428498493 0.260007152539
550 TGA 0.0372678013474 0.245149265879
550 TGA 0.0377374222859 0.258304953866
551 TAA 0.0208227650359 0.214278737834
551 TAA 0.0223254561322 0.203400899697
551 TAA 0.0272555917068 0.189782738463
551 TAG 0.0342125373616 0.25722484892
551 TAG 0.0357106831077 0.265805835838
551 TAG 0.0377027209797 0.275302322664
551 TGA 0.0401454473018 0.267743224991
551 TGA 0.0401807129683 0.261889493578
551 TGA 0.0463593191815 0.254310160598
552 TAA 0.0290842927816 0.221879090622
552 TAA 0.0305825572496 0.198704610101
552 TAA 0.0340290479827 0.199014968825
552 TAG 0.0336641639885 0.218617138847
552 TAG 0.0343775453683 0.261516576828
552 TAG 0.0381713340628 0.215836139072
552 TGA 0.0471832337162 0.317492956942
552 TGA 0.0477312489199 0.346795571695
552 TGA 0.049008009988 0.39744121874
553 TAA 0.0305029058934 0.233426155112
553 TAA 0.0322818513346 0.213090634073
553 TAA 0.0358406236759 0.21317890859
553 TAG 0.0430880268775 0.262785359624
553 TAG 0.0433390202149 0.279847077104
553 TAG 0.0454890414519 0.253830590775
553 TGA 0.0439716910968 0.335874942311
553 TGA 0.0443450039529 0.29896677503
553 TGA 0.0471057986011 0.296879528802
554 TAA 0.0265733920173 0.243208869921
554 TAA 0.0279614180739 0.209374736619
554 TAA 0.0307107715754 0.224600559588
554 TAG 0.0357060493906 0.25476153421
554 TAG 0.0363558962738 0.23843925087
554 TAG 0.0420638762501 0.245497440148
554 TGA 0.0370306927901 0.2784554183
554 TGA 0.038240559221 0.272455419645
554 TGA 0.0385456398944 0.271552293085
555 TAA 0.0317523133572 0.279775886824
555 TAA 0.0330608527415 0.261055315251
555 TAA 0.0349521122843 0.255448338009
555 TAG 0.0508116861782 0.275671402722
555 TAG 0.0508246446819 0.266079109271
555 TAG 0.0554112411981 0.268474365679
555 TGA 0.0299861975837 0.230185497785
555 TGA 0.0324095688959 0.208461899526
555 TGA 0.0348578489783 0.20526367177
556 TAA 0.0275529773768 0.234136199359
556 TAA 0.0275714135993 0.247080362069
556 TAA 0.0313438835441 0.235474536739
556 TAG 0.0289267121553 0.241276587518
556 TAG 0.0299764380827 0.232527384366
556 TAG 0.0330234244183 0.23590165757
556 TGA 0.0388923538089 0.316616056891
556 TGA 0.0402440923861 0.331381891392
556 TGA 0.0413672610902 0.305751197295
557 TAA 0.034926542498 0.325720786009
557 TAA 0.0382584641646 0.300525773654
557 TAA 0.039192840547 0.296438412436
557 TAG 0.0357629310538 0.286685462344
557 TAG 0.0409448496692 0.259617865439
557 TAG 0.0414498264242 0.262594291898
557 TGA 0.0312093727872 0.247372880804
557 TGA 0.0325913693633 0.239417119286
557 TGA 0.0344262804512 0.234611919191
558 TAA 0.0317245957824 0.304338896494
558 TAA 0.0341651449928 0.270377483188
558 TAA 0.035731414167 0.287294479892
558 TAG 0.0442296718457 0.283762856479
558 TAG 0.0443330282984 0.250964474553
558 TAG 0.0503458064075 0.264966542891
558 TGA 0.0392213053843 0.224742297347
558 TGA 0.039330261847 0.249478067204
558 TGA 0.0432539844964 0.239168995115
559 TAA 0.0294139499663 0.34319419842
559 TAA 0.0305367244028 0.309250133322
559 TAA 0.0350465387635 0.322620283179
559 TAG 0.0338778599285 0.320566733126
559 TAG 0.0345409019254 0.287087199991
559 TAG 0.042572671754 0.310974065399
559 TGA 0.0265254717577 0.217334862965
559 TGA 0.0270227543511 0.197189671243
559 TGA 0.0316268528562 0.211159451274
560 TAA 0.0425970324406 0.290168040069
560 TAA 0.0436728681481 0.282552771729
560 TAA 0.043847191086 0.312356497964
560 TAG 0.0356148974314 0.244146653153
560 TAG 0.0360643688713 0.255995574313
560 TAG 0.0377188417313 0.254762954592
560 TGA 0.184961051244 0.382887218471
560 TGA 0.192244455222 0.37086620022
560 TGA 0.196485184382 0.3987058378
561 TAA 0.032794273585 0.282785370002
561 TAA 0.0350111475615 0.251894261049
561 TAA 0.0355891723109 0.265151337506
561 TAG 0.0440590241484 0.303646425939
561 TAG 0.0461392184211 0.283609761552
561 TAG 0.0482502387189 0.294310168965
561 TGA 0.131004086547 0.300602390761
561 TGA 0.139175032596 0.316803384806
561 TGA 0.13983673567 0.285883440511
562 TAA 0.0376944063436 0.290519436416
562 TAA 0.0387566272307 0.267572952946
562 TAA 0.0411747324784 0.27954312535
562 TAG 0.0615787616122 0.351569050308
562 TAG 0.0616929761226 0.367033828651
562 TAG 0.0636679020302 0.354419786282
562 TGA 0.100957162129 0.331459461355
562 TGA 0.104058664324 0.322422668825
562 TGA 0.108882821318 0.345817474996
563 TAA 0.0286983549855 0.228416411768
563 TAA 0.0300649156207 0.220416705622
563 TAA 0.0305587976155 0.22117036334
563 TAG 0.0309720714273 0.184854093821
563 TAG 0.0314789006494 0.194086148027
563 TAG 0.0325980695685 0.19051073376
563 TGA 0.0823046132732 0.266576928711
563 TGA 0.0826418861643 0.258741281635
563 TGA 0.0863045291519 0.280882728177
564 TAA 0.0462977464095 0.318611273953
564 TAA 0.0483132331424 0.327154572956
564 TAA 0.0518583854186 0.31825773257
564 TAG 0.035650256807 0.272197445589
564 TAG 0.0372484801026 0.261221388595
564 TAG 0.040911760909 0.251209021554
564 TGA 0.0686620866116 0.30495885392
564 TGA 0.0689383115639 0.33235784957
564 TGA 0.0727010859646 0.320132407415
565 TAA 0.0502176988082 0.348745588218
565 TAA 0.0510625199026 0.355757828275
565 TAA 0.0600708385903 0.337523952881
565 TAG 0.0667588673744 0.425339104519
565 TAG 0.0696095016516 0.419604348368
565 TAG 0.0760320723066 0.39384102629
565 TGA 0.0821944757215 0.422263648837
565 TGA 0.0827037104278 0.404651786302
565 TGA 0.0922002849313 0.383201393397
566 TAA 0.0309782516512 0.229533188894
566 TAA 0.0329414155463 0.224801757672
566 TAA 0.0332891175839 0.21595972193
566 TAG 0.0568220802154 0.431229789013
566 TAG 0.0582948149206 0.338039480208
566 TAG 0.0628565521316 0.43315585055
566 TGA 0.030641109613 0.235926533872
566 TGA 0.0317495203916 0.23555529242
566 TGA 0.0333863979014 0.239417584164
626 TAA 0.302120344313 0.746043053489
626 TAA 0.331920393678 0.783650636255
626 TAA 0.364121365876 0.742554879709
626 TAG 0.272477454904 0.483673631167
626 TAG 0.333167663407 0.646623230412
626 TAG 0.369260586054 0.615333140742
626 TGA 0.609367400327 0.869367292206
626 TGA 0.628805623084 0.918233618111
626 TGA 0.698546663521 0.915799697277
627 TAA 0.349536901962 0.64286438221
627 TAA 0.416624020552 0.793874128065
627 TAA 0.46920362444 0.813311854604
627 TAG 0.470127762077 0.835616628725
627 TAG 0.48115360364 0.82146899864
627 TAG 0.586367850457 0.923046007249
627 TGA 0.467240065509 0.779331714923
627 TGA 0.528299563009 0.836637397327
627 TGA 0.563030913254 0.969016680725
628 TAA 0.386511810987 0.79910635636
628 TAA 0.406889041782 0.901680884051
628 TAA 0.428708241588 0.899768423182
628 TAG 0.334040313543 0.628856036742
628 TAG 0.372435884704 0.667748376393
628 TAG 0.438401916549 0.751291094494
628 TGA 0.404561908484 0.872574988646
628 TGA 0.426011889521 0.896153896116
628 TGA 0.426072958002 0.926103307867
629 TAA 0.341899704822 0.943397896211
629 TAA 0.367635553009 1.01753909514
629 TAA 0.411947532895 1.00836483874
629 TAG 0.267111755205 0.763125721098
629 TAG 0.291925706227 0.840938641517
629 TAG 0.300717982914 0.724594883035
629 TGA 0.342407607703 0.85590042381
629 TGA 0.388103978262 1.02684817025
629 TGA 0.395095822906 1.0165144918
630 TAA 0.291908319013 1.09598245458
630 TAA 0.302603692421 1.22477803609
630 TAA 0.306722687289 1.12907123906
630 TAG 0.257851541363 0.930177286656
630 TAG 0.269162656841 0.996471858424
630 TAG 0.295541744375 1.11532270004
630 TGA 0.219547723585 1.01240509368
630 TGA 0.302714739007 1.1791535988
630 TGA 0.331706102498 1.33437039398
631 TAA 0.163658727937 0.794823357032
631 TAA 0.194261453768 0.898399133653
631 TAA 0.199725983509 1.03082052601
631 TAG 0.205118452835 1.0067903256
631 TAG 0.222022390067 0.931210780171
631 TAG 0.27512213165 1.03522993896
631 TGA 0.184831688977 1.02170783195
631 TGA 0.192223821879 1.05134227414
631 TGA 0.195861484669 1.07992624187
632 TAA 0.225751392556 0.765128971455
632 TAA 0.239204402824 0.794951690363
632 TAA 0.24607728039 0.957733869705
632 TAG 0.190357550184 0.641468672566
632 TAG 0.20863939406 0.772332144883
632 TAG 0.214734439806 0.751188113633
632 TGA 0.209475233284 0.957786519626
632 TGA 0.223927134244 0.892796797773
632 TGA 0.226616145836 0.867766840951
633 TAA 0.190705289819 0.965285612495
633 TAA 0.194947559344 1.07247399845
633 TAA 0.20206918211 0.997853230101
633 TAG 0.153876961217 0.721017240584
633 TAG 0.183840455842 0.845100794814
633 TAG 0.200103284478 0.991538594769
633 TGA 0.188124113142 0.977400847139
633 TGA 0.215172395639 1.04203493833
633 TGA 0.229409571692 1.05844895301
634 TAA 0.240376749433 0.86838017703
634 TAA 0.249512318641 0.981923480796
634 TAA 0.331845300799 1.08898908993
634 TAG 0.171191171631 0.653326473877
634 TAG 0.185673284563 0.588744470416
634 TAG 0.211614207969 0.690275955487
634 TGA 0.209102987156 0.911743828775
634 TGA 0.243789916281 1.01174066815
634 TGA 0.299835602706 1.09558092572
635 TAA 0.132500190963 0.603535886516
635 TAA 0.133298055491 0.612723167442
635 TAA 0.165735131608 0.656985693915
635 TAG 0.17876259305 0.698596106113
635 TAG 0.195031118079 0.645415878884
635 TAG 0.219905676398 0.830851704248
635 TGA 0.167111441913 0.815558733057
635 TGA 0.201644459902 0.843071176287
635 TGA 0.241435463349 0.93906907978
636 TAA 0.21953480103 0.668416019924
636 TAA 0.229993067497 0.652261942649
636 TAA 0.250900911784 0.683983184008
636 TAG 0.257880565312 0.73443646155
636 TAG 0.273305713002 0.749486366265
636 TAG 0.2943238211 0.785226424183
636 TGA 0.221358033113 0.753816402081
636 TGA 0.227722122386 0.743396651092
636 TGA 0.227830894523 0.754325196017
637 TAA 0.384592847837 0.732639973141
637 TAA 0.417834619101 0.714297148492
637 TAA 0.424343581179 0.798904877591
637 TAG 0.400758956854 0.724988955189
637 TAG 0.426229073907 0.770797578597
637 TAG 0.478344800289 0.725176834203
637 TGA 0.315091911906 0.809868208029
637 TGA 0.351421445772 0.7213953645
637 TGA 0.401403734964 0.904135081649
638 TAA 0.408474361633 0.560221483561
638 TAA 0.435409302917 0.642825766124
638 TAA 0.514026181179 0.760577632438
638 TAG 0.424546056823 0.695727807892
638 TAG 0.427583156946 0.596189188484
638 TAG 0.46729245398 0.656428488905
638 TGA 0.607235645302 0.829047875256
638 TGA 0.670618089339 0.924389594991
638 TGA 0.674390011022 1.01547121503
639 TAA 0.284003552802 0.614446380788
639 TAA 0.287899592286 0.693027008024
639 TAA 0.315788698371 0.614270885372
639 TAG 0.335614175643 0.791474800862
639 TAG 0.351024755073 0.71845286609
639 TAG 0.359029745379 0.74084044023
639 TGA 0.236202302339 0.607324666744
639 TGA 0.238817199424 0.687592807293
639 TGA 0.270879601924 0.670170526457
640 TAA 0.640298391904 0.829935163196
640 TAA 0.694652968427 0.931869784403
640 TAA 0.716007613903 0.943279037175
640 TAG 0.692759787036 0.932939301822
640 TAG 0.69630555476 0.871512478797
640 TAG 0.759330257132 0.968142434019
640 TGA 0.561171491522 0.710120258927
640 TGA 0.623392811678 0.822891531564
640 TGA 0.630250358018 0.848236279676
641 TAA 0.870412704116 0.90317947616
641 TAA 0.994309667418 1.04364219261
641 TAA 1.03110782647 1.11816927211
641 TAG 0.744106203614 0.778007954592
641 TAG 0.847115608064 0.883100307767
641 TAG 0.935456843434 0.967116925539
641 TGA 0.860122587474 0.91789736348
641 TGA 0.912250133396 1.02465007631
641 TGA 0.989605468207 1.07275485437
642 TAA 0.69226401353 0.735075881781
642 TAA 0.800846790416 0.886287654814
642 TAA 0.890587687431 0.899189333659
642 TAG 0.786123917642 0.873523205127
642 TAG 0.843992575868 0.879697869304
642 TAG 0.861413872463 0.862150802431
642 TGA 0.713452711963 0.78348208833
642 TGA 0.784287864087 0.844274125764
642 TGA 0.931092096398 0.979744009014
643 TAA 0.594483314231 0.66445401902
643 TAA 0.665162362733 0.656162997467
643 TAA 0.671233338735 0.655903142987
643 TAG 0.59051225519 0.57768831972
643 TAG 0.604549207367 0.62818547541
643 TAG 0.639215651201 0.628229427562
643 TGA 0.556847926248 0.597476600309
643 TGA 0.704527629224 0.771259409451
643 TGA 0.830519751719 0.846256420056
644 TAA 0.400616726958 0.523515786673
644 TAA 0.428119938296 0.562244344605
644 TAA 0.486135357732 0.622296178755
644 TAG 0.405968010257 0.553021313458
644 TAG 0.467963269567 0.6663326306
644 TAG 0.475870403732 0.683904909365
644 TGA 0.32932501767 0.656212884218
644 TGA 0.346382292896 0.634774202605
644 TGA 0.367710472791 0.702548815489
645 TAA 0.673984607585 0.721519481013
645 TAA 0.805463877626 0.867882430143
645 TAA 0.860237613388 0.837136611123
645 TAG 0.730363336885 0.759648824117
645 TAG 0.748791603952 0.824282300701
645 TAG 0.779633667284 0.789248785116
645 TGA 0.669898043457 0.775880232583
645 TGA 0.717806503673 0.847989715065
645 TGA 0.73144004684 0.875359108636
646 TAA 0.702190145756 0.743809174678
646 TAA 0.75198945677 0.745862906608
646 TAA 0.787577098407 0.768962286829
646 TAG 0.717159076724 0.750935060141
646 TAG 0.783890997234 0.817590490937
646 TAG 0.897747084951 0.918321902738
646 TGA 0.735296784892 0.768975449908
646 TGA 0.759961571228 0.768863196141
646 TGA 0.919965312352 0.94620751195
647 TAA 0.788834868881 0.770339282233
647 TAA 0.850881556527 0.838348744208
647 TAA 1.0170952725 1.01412630078
647 TAG 0.826854190835 0.84081353822
647 TAG 0.835236764115 0.847896859052
647 TAG 0.894100686978 0.887981500557
647 TGA 0.920807386569 0.851082921778
647 TGA 0.968243527495 0.964710695635
647 TGA 1.02453474841 0.944590641538
648 TAA 1.10907981523 1.03418425924
648 TAA 1.23492091465 1.19481990336
648 TAA 1.33954152752 1.28716236026
648 TAG 0.89802368811 0.871700639963
648 TAG 0.942300325526 0.951170698802
648 TAG 1.00798447793 0.971458256493
648 TGA 1.11379266912 1.09608240451
648 TGA 1.12096679003 1.08169974152
648 TGA 1.22128641024 1.22927898603
649 TAA 0.881022137779 0.866890324543
649 TAA 1.08887043013 1.03583409309
649 TAA 1.10354402609 1.0383224554
649 TAG 0.94720915192 0.97856304789
649 TAG 0.965149267697 0.946396080725
649 TAG 1.0400088316 1.00932494276
649 TGA 1.04344610786 1.03543963352
649 TGA 1.10159990545 1.03225108038
649 TGA 1.10164662179 1.09755623362
650 TAA 0.863003573894 0.934070451244
650 TAA 1.05857084961 1.02035036987
650 TAA 1.10696737143 1.12073841479
650 TAG 1.0058135415 1.04761528103
650 TAG 1.00744833759 1.01174473136
650 TAG 1.03354869517 0.995630110019
650 TGA 0.80094151764 0.883517524199
650 TGA 0.928992265772 0.989771762321
650 TGA 0.958549921342 1.01493604989
651 TAA 0.861656348772 0.843324115587
651 TAA 1.11373537466 1.10250669608
651 TAA 1.14147497 1.22714620416
651 TAG 0.853947216459 0.92638700223
651 TAG 1.01243152204 1.00746663681
651 TAG 1.08400713531 1.17717855761
651 TGA 0.880583666727 0.960127969932
651 TGA 1.02269008402 1.02317373042
651 TGA 1.06682114693 1.06827828041
652 TAA 1.03574263668 1.08917094893
652 TAA 1.11001777475 1.20531727582
652 TAA 1.16207696516 1.10997135364
652 TAG 0.777675467403 0.850151448649
652 TAG 0.787801298269 0.808998052801
652 TAG 0.867734231152 0.947627586932
652 TGA 0.812793051235 0.929238175509
652 TGA 0.882291158711 1.05843420115
652 TGA 0.908256419844 1.00422296332
653 TAA 0.742042880025 0.848873297026
653 TAA 0.823348102977 0.903908220255
653 TAA 0.839729619733 0.973856833701
653 TAG 0.667647372559 0.83238999127
653 TAG 0.686263705324 0.799980172688
653 TAG 0.720698600728 0.793435346417
653 TGA 0.710949881503 0.830652509914
653 TGA 0.722855680682 0.891583847334
653 TGA 0.728252287958 0.805028463881
654 TAA 0.848230379957 0.889739701905
654 TAA 0.923170505549 0.880523038146
654 TAA 0.925675126308 1.01792511199
654 TAG 0.872077216427 0.950226694745
654 TAG 0.878498132551 1.00327662884
654 TAG 0.977046567299 1.08983338573
654 TGA 0.950652781416 1.01635726165
654 TGA 1.08588772183 1.26239664554
654 TGA 1.1575573146 1.35639021176
655 TAA 0.733140441405 0.895944125229
655 TAA 0.755687045584 0.909320541408
655 TAA 0.775278278581 0.914935842263
655 TAG 0.569235664254 0.763659515221
655 TAG 0.5967930883 0.752753793372
655 TAG 0.779453355312 0.918415433611
655 TGA 0.545839252388 0.816747976295
655 TGA 0.595667385822 0.841600267417
655 TGA 0.602656985716 0.866360855714
656 TAA 0.0577999912152 0.0646855649176
656 TAA 0.063346809621 0.0724827198906
656 TAA 0.0745589053369 0.0829538220916
656 TAG 0.701621950356 0.769106189206
656 TAG 0.733333130513 0.801799721263
656 TAG 0.800395354903 0.987019925476
656 TGA 0.0496273582552 0.063866381367
656 TGA 0.0610783445131 0.0772078352276
656 TGA 0.0731338573095 0.0896220318721
